,end_time,query_time,lock_time,rows_sent,rows_examined,sql_text,thread_id,start_time
2,1694829246884,2.14,0.0,0,0,COMMIT,391341,1694829246881.86
3,1694829310805,1.102,0.0,0,0,COMMIT,391340,1694829310803.898
4,1694829390597,1.02,0.0,0,0,COMMIT,391345,1694829390595.98
5,1694828475311,1.063,0.0,0,0,COMMIT,391349,1694828475309.937
10,1694828599945,1.12,0.0,0,0,COMMIT,391344,1694828599943.88
11,1694828628264,1.076,0.0,0,0,COMMIT,391356,1694828628262.924
12,1694828654559,1.206,0.0,0,0,ROLLBACK,391354,1694828654557.794
13,1694828701357,1.405,0.0,0,0,COMMIT,391359,1694828701355.595
14,1694828713589,1.099,0.0,0,0,COMMIT,391353,1694828713587.901
15,1694828740999,1.024,0.0,0,0,COMMIT,391361,1694828740997.976
16,1694828785984,1.029,0.0,0,0,COMMIT,391362,1694828785982.971
17,1694828928865,1.015,0.0,0,0,COMMIT,391367,1694828928863.985
18,1694829080999,1.414,0.061,1,1,"SELECT S_QUANTITY, S_DATA, S_YTD, S_ORDER_CNT, S_REMOTE_CNT, S_DIST_04 FROM stock WHERE S_I_ID = 5995 AND S_W_ID = 3",391366,1694829080997.586
19,1694829087240,1.035,0.0,0,0,COMMIT,391375,1694829087238.965
20,1694829141669,2.993,0.092,1,426,"SELECT COUNT(DISTINCT(OL_I_ID)) FROM order_line, stock\
            WHERE OL_W_ID = 2\
              AND OL_D_ID = 7\
              AND OL_O_ID < 20335\
              AND OL_O_ID >= 20315\
              AND S_W_ID = 2\
              AND S_I_ID = OL_I_ID\
              AND S_QUANTITY < 17",391380,1694829141666.007
21,1694829142015,1.568,0.0,0,0,COMMIT,391377,1694829142013.432
22,1694829336820,1.077,0.0,0,0,COMMIT,391378,1694829336818.923
23,1694828525592,1.003,0.0,0,0,COMMIT,391397,1694828525590.997
24,1694828534275,1.166,0.0,0,0,COMMIT,391383,1694828534273.834
28,1694828591989,1.084,0.0,0,0,COMMIT,391400,1694828591987.916
30,1694828613883,2.411,0.0,0,0,COMMIT,391394,1694828613880.589
31,1694828623717,1.861,0.094,1,374,"SELECT COUNT(DISTINCT(OL_I_ID)) FROM order_line, stock\
            WHERE OL_W_ID = 3\
              AND OL_D_ID = 2\
              AND OL_O_ID < 20194\
              AND OL_O_ID >= 20174\
              AND S_W_ID = 3\
              AND S_I_ID = OL_I_ID\
              AND S_QUANTITY < 10",391403,1694828623715.139
32,1694828679783,2.278,0.0,0,0,COMMIT,391391,1694828679780.722
33,1694828680667,1.754,0.0,0,0,COMMIT,391404,1694828680665.246
34,1694828720481,1.056,0.0,0,0,COMMIT,391405,1694828720479.944
35,1694828770314,1.83,0.11,1,382,"SELECT COUNT(DISTINCT(OL_I_ID)) FROM order_line, stock\
            WHERE OL_W_ID = 3\
              AND OL_D_ID = 10\
              AND OL_O_ID < 20440\
              AND OL_O_ID >= 20420\
              AND S_W_ID = 3\
              AND S_I_ID = OL_I_ID\
              AND S_QUANTITY < 17",391409,1694828770312.17
36,1694828941945,1.118,0.0,0,0,COMMIT,391415,1694828941943.882
37,1694828969181,1.114,0.0,0,0,COMMIT,391407,1694828969179.886
38,1694829061345,1.04,0.0,0,0,COMMIT,391412,1694829061343.96
39,1694829063486,1.098,0.0,0,0,COMMIT,391421,1694829063484.902
40,1694829151359,14.688,0.047,0,1,"UPDATE stock SET S_QUANTITY = 26, S_YTD = 127, S_ORDER_CNT = 19, S_REMOTE_CNT = 0 WHERE S_I_ID = 72848 AND S_W_ID = 1",391417,1694829151344.312
41,1694829152574,6.148,0.0,0,0,COMMIT,391424,1694829152567.852
42,1694829153527,7.098,0.0,0,0,COMMIT,391416,1694829153519.902
43,1694829154319,1.456,0.0,0,0,ROLLBACK,391423,1694829154317.544
44,1694829165404,3.645,0.0,0,0,COMMIT,391419,1694829165400.355
45,1694829262071,1.007,0.0,0,0,COMMIT,391430,1694829262069.993
46,1694829290071,1.021,0.0,0,0,COMMIT,391432,1694829290069.979
47,1694829398620,1.104,0.0,0,0,COMMIT,391436,1694829398618.896
50,1694828600411,1.181,0.0,0,0,COMMIT,391445,1694828600409.819
52,1694828644287,1.087,0.0,0,0,COMMIT,391448,1694828644285.913
53,1694828702504,1.021,0.0,0,0,COMMIT,391447,1694828702502.979
54,1694828709474,2.986,0.116,1,416,"SELECT COUNT(DISTINCT(OL_I_ID)) FROM order_line, stock\
            WHERE OL_W_ID = 1\
              AND OL_D_ID = 4\
              AND OL_O_ID < 20534\
              AND OL_O_ID >= 20514\
              AND S_W_ID = 1\
              AND S_I_ID = OL_I_ID\
              AND S_QUANTITY < 14",391452,1694828709471.014
55,1694828773982,1.013,0.0,0,0,COMMIT,391454,1694828773980.987
56,1694828839229,1.104,0.0,0,0,COMMIT,391458,1694828839227.896
57,1694828870906,1.119,0.0,0,0,COMMIT,391450,1694828870904.881
58,1694828985932,1.195,0.0,0,0,COMMIT,391465,1694828985930.805
59,1694829014269,1.148,0.0,0,0,ROLLBACK,391466,1694829014267.852
60,1694829041509,1.011,0.0,0,0,COMMIT,391468,1694829041507.989
61,1694829059907,1.843,0.082,1,386,"SELECT COUNT(DISTINCT(OL_I_ID)) FROM order_line, stock\
            WHERE OL_W_ID = 3\
              AND OL_D_ID = 4\
              AND OL_O_ID < 20462\
              AND OL_O_ID >= 20442\
              AND S_W_ID = 3\
              AND S_I_ID = OL_I_ID\
              AND S_QUANTITY < 10",391469,1694829059905.157
62,1694829094287,1.915,0.0,0,0,COMMIT,391462,1694829094285.085
63,1694829180749,1.065,0.0,0,0,COMMIT,391467,1694829180747.935
64,1694829193799,1.066,0.0,0,0,COMMIT,391472,1694829193797.934
65,1694829306966,1.329,0.0,0,0,COMMIT,391474,1694829306964.671
66,1694829386603,1.208,0.0,0,0,COMMIT,391478,1694829386601.792
67,1694828502850,1.021,0.0,0,0,COMMIT,391481,1694828502848.979
68,1694828558602,1.002,0.0,0,0,COMMIT,391485,1694828558600.998
73,1694828593947,2.29,0.062,0,1,"UPDATE stock SET S_QUANTITY = 14, S_YTD = 75, S_ORDER_CNT = 15, S_REMOTE_CNT = 0 WHERE S_I_ID = 31733 AND S_W_ID = 4",391488,1694828593944.71
74,1694828596902,1.718,0.0,0,0,COMMIT,391489,1694828596900.282
76,1694828642915,1.015,0.0,0,0,COMMIT,391494,1694828642913.985
77,1694828795065,2.709,0.085,1,418,"SELECT COUNT(DISTINCT(OL_I_ID)) FROM order_line, stock\
            WHERE OL_W_ID = 1\
              AND OL_D_ID = 6\
              AND OL_O_ID < 20251\
              AND OL_O_ID >= 20231\
              AND S_W_ID = 1\
              AND S_I_ID = OL_I_ID\
              AND S_QUANTITY < 14",391501,1694828795062.291
78,1694828979537,1.075,0.0,0,0,COMMIT,391500,1694828979535.925
79,1694829156450,1.268,0.0,0,0,COMMIT,391509,1694829156448.732
80,1694829246655,1.042,0.0,0,0,COMMIT,391518,1694829246653.958
81,1694829374003,1.119,0.0,0,0,COMMIT,391522,1694829374001.881
82,1694829406598,1.24,0.0,0,0,COMMIT,391517,1694829406596.76
83,1694829410700,1.06,0.0,0,0,COMMIT,391524,1694829410698.94
84,1694828436276,1.041,0.0,0,0,COMMIT,391525,1694828436274.959
85,1694828485246,1.054,0.0,0,0,COMMIT,391527,1694828485244.946
91,1694828673204,1.1,0.0,0,0,COMMIT,391529,1694828673202.9
92,1694828754151,1.019,0.0,0,0,COMMIT,391535,1694828754149.981
93,1694828788918,1.008,0.0,0,0,COMMIT,391533,1694828788916.992
94,1694829006998,1.044,0.0,0,0,COMMIT,391548,1694829006996.956
95,1694829074667,1.094,0.0,0,0,COMMIT,391546,1694829074665.906
96,1694829087826,1.445,0.0,0,0,COMMIT,391544,1694829087824.555
97,1694829094376,1.222,0.0,0,0,ROLLBACK,391547,1694829094374.778
98,1694829100082,2.374,0.084,0,1,"UPDATE stock SET S_QUANTITY = 13, S_YTD = 67, S_ORDER_CNT = 14, S_REMOTE_CNT = 0 WHERE S_I_ID = 9763 AND S_W_ID = 4",391551,1694829100079.626
99,1694829187283,1.058,0.0,0,0,COMMIT,391549,1694829187281.942
100,1694829302669,1.105,0.0,0,0,COMMIT,391557,1694829302667.895
101,1694829399909,1.027,0.0,0,0,COMMIT,391563,1694829399907.973
102,1694828564504,1.043,0.0,0,0,COMMIT,391571,1694828564502.957
107,1694828625809,1.038,0.0,0,0,COMMIT,391568,1694828625807.962
108,1694828692452,1.182,0.0,0,0,COMMIT,391578,1694828692450.818
109,1694828739560,1.075,0.0,0,0,COMMIT,391581,1694828739558.925
110,1694828952260,1.061,0.0,0,0,COMMIT,391577,1694828952258.939
111,1694829090602,6.164,0.06,0,0,"INSERT INTO order_line (OL_O_ID, OL_D_ID, OL_W_ID, OL_NUMBER, OL_I_ID, OL_SUPPLY_W_ID, OL_DELIVERY_D, OL_QUANTITY, OL_AMOUNT, OL_DIST_INFO) VALUES (20408, '05', 4, 5, 39916, 4, '2023-09-16 09:40:32.442646', 9, 62.28, 'ARplf07rhLGnsxSGTP1NhsEm')",391589,1694829090595.836
112,1694829212067,1.007,0.0,0,0,COMMIT,391600,1694829212065.993
113,1694829296179,1.422,0.074,1,392,"SELECT COUNT(DISTINCT(OL_I_ID)) FROM order_line, stock\
            WHERE OL_W_ID = 3\
              AND OL_D_ID = 1\
              AND OL_O_ID < 20426\
              AND OL_O_ID >= 20406\
              AND S_W_ID = 3\
              AND S_I_ID = OL_I_ID\
              AND S_QUANTITY < 20",391609,1694829296177.578
114,1694829374350,1.078,0.0,0,0,COMMIT,391596,1694829374348.922
116,1694828570826,1.53,0.0,0,0,ROLLBACK,391612,1694828570824.47
120,1694828640635,1.155,0.0,0,0,COMMIT,391621,1694828640633.845
121,1694828670781,1.084,0.0,0,0,COMMIT,391623,1694828670779.916
122,1694828736926,1.69,0.081,1,378,"SELECT COUNT(DISTINCT(OL_I_ID)) FROM order_line, stock\
            WHERE OL_W_ID = 2\
              AND OL_D_ID = 10\
              AND OL_O_ID < 20214\
              AND OL_O_ID >= 20194\
              AND S_W_ID = 2\
              AND S_I_ID = OL_I_ID\
              AND S_QUANTITY < 19",391626,1694828736924.31
123,1694828780332,1.045,0.0,0,0,COMMIT,391618,1694828780330.955
124,1694828859660,1.135,0.0,0,0,COMMIT,391616,1694828859658.865
125,1694829002851,1.033,0.0,0,0,COMMIT,391637,1694829002849.967
126,1694829010380,1.053,0.0,0,0,COMMIT,391638,1694829010378.947
127,1694829050418,1.075,0.0,0,0,COMMIT,391640,1694829050416.925
128,1694829278011,1.004,0.0,0,0,COMMIT,391649,1694829278009.996
129,1694829334871,3.059,0.072,1,382,"SELECT COUNT(DISTINCT(OL_I_ID)) FROM order_line, stock\
            WHERE OL_W_ID = 4\
              AND OL_D_ID = 7\
              AND OL_O_ID < 20571\
              AND OL_O_ID >= 20551\
              AND S_W_ID = 4\
              AND S_I_ID = OL_I_ID\
              AND S_QUANTITY < 19",391655,1694829334867.941
130,1694829388315,1.152,0.0,0,0,COMMIT,391650,1694829388313.848
131,1694829400619,1.081,0.0,0,0,COMMIT,391652,1694829400617.919
132,1694828535537,2.711,0.076,1,430,"SELECT COUNT(DISTINCT(OL_I_ID)) FROM order_line, stock\
            WHERE OL_W_ID = 4\
              AND OL_D_ID = 3\
              AND OL_O_ID < 20184\
              AND OL_O_ID >= 20164\
              AND S_W_ID = 4\
              AND S_I_ID = OL_I_ID\
              AND S_QUANTITY < 20",391663,1694828535534.289
133,1694828562233,1.038,0.0,0,0,COMMIT,391666,1694828562231.962
138,1694828607718,1.107,0.0,0,0,COMMIT,391668,1694828607716.893
139,1694828666372,1.127,0.0,0,0,COMMIT,391660,1694828666370.873
140,1694828710208,1.11,0.0,0,0,COMMIT,391670,1694828710206.89
141,1694828870772,1.06,0.0,0,0,COMMIT,391677,1694828870770.94
142,1694828871554,1.639,0.0,0,0,COMMIT,391672,1694828871552.361
143,1694828959539,1.349,0.087,1,398,"SELECT COUNT(DISTINCT(OL_I_ID)) FROM order_line, stock\
            WHERE OL_W_ID = 3\
              AND OL_D_ID = 3\
              AND OL_O_ID < 20401\
              AND OL_O_ID >= 20381\
              AND S_W_ID = 3\
              AND S_I_ID = OL_I_ID\
              AND S_QUANTITY < 19",391688,1694828959537.651
144,1694828996561,1.057,0.0,0,0,COMMIT,391685,1694828996559.943
145,1694829010578,1.018,0.0,0,0,COMMIT,391689,1694829010576.982
146,1694829081395,1.084,0.0,0,0,COMMIT,391691,1694829081393.916
147,1694829289408,1.101,0.0,0,0,COMMIT,391700,1694829289406.899
148,1694829358173,1.248,0.0,0,0,COMMIT,391699,1694829358171.752
149,1694828461336,1.108,0.0,0,0,COMMIT,391706,1694828461334.892
150,1694828522664,1.113,0.0,0,0,COMMIT,391702,1694828522662.887
155,1694828750938,1.035,0.0,0,0,COMMIT,391720,1694828750936.965
156,1694828849898,1.132,0.0,0,0,COMMIT,391729,1694828849896.868
157,1694828854500,1.135,0.0,0,0,COMMIT,391705,1694828854498.865
158,1694828861320,1.073,0.0,0,0,ROLLBACK,391708,1694828861318.927
159,1694829003849,1.138,0.0,0,0,COMMIT,391727,1694829003847.862
160,1694829076551,1.052,0.0,0,0,COMMIT,391730,1694829076549.948
161,1694829089361,1.164,0.073,0,1,"UPDATE stock SET S_QUANTITY = 76, S_YTD = 77, S_ORDER_CNT = 15, S_REMOTE_CNT = 0 WHERE S_I_ID = 7161 AND S_W_ID = 1",391714,1694829089359.836
162,1694829094106,1.254,0.076,1,1,"SELECT S_QUANTITY, S_DATA, S_YTD, S_ORDER_CNT, S_REMOTE_CNT, S_DIST_09 FROM stock WHERE S_I_ID = 17897 AND S_W_ID = 2",391724,1694829094104.746
163,1694829304756,1.102,0.0,0,0,COMMIT,391733,1694829304754.898
164,1694829330553,1.024,0.0,0,0,COMMIT,391738,1694829330551.976
165,1694828563687,1.005,0.0,0,0,COMMIT,391751,1694828563685.995
170,1694828617857,1.226,0.0,0,0,COMMIT,391724,1694828617855.774
171,1694828656287,1.055,0.0,0,0,COMMIT,391754,1694828656285.945
172,1694828916338,1.062,0.0,0,0,COMMIT,391734,1694828916336.938
173,1694829043217,1.955,0.065,1,346,"SELECT COUNT(DISTINCT(OL_I_ID)) FROM order_line, stock\
            WHERE OL_W_ID = 2\
              AND OL_D_ID = 4\
              AND OL_O_ID < 20351\
              AND OL_O_ID >= 20331\
              AND S_W_ID = 2\
              AND S_I_ID = OL_I_ID\
              AND S_QUANTITY < 12",391785,1694829043215.045
174,1694829185169,1.269,0.0,0,0,COMMIT,391756,1694829185167.731
175,1694829308045,1.08,0.0,0,0,COMMIT,391717,1694829308043.92
176,1694828570853,3.175,0.084,1,388,"SELECT COUNT(DISTINCT(OL_I_ID)) FROM order_line, stock\
            WHERE OL_W_ID = 2\
              AND OL_D_ID = 6\
              AND OL_O_ID < 20369\
              AND OL_O_ID >= 20349\
              AND S_W_ID = 2\
              AND S_I_ID = OL_I_ID\
              AND S_QUANTITY < 11",391807,1694828570849.825
178,1694828616308,1.169,0.0,0,0,COMMIT,391808,1694828616306.831
180,1694828630162,1.009,0.0,0,0,COMMIT,391800,1694828630160.991
182,1694828679131,1.034,0.0,0,0,COMMIT,391813,1694828679129.966
183,1694828706393,2.556,0.076,1,438,"SELECT COUNT(DISTINCT(OL_I_ID)) FROM order_line, stock\
            WHERE OL_W_ID = 1\
              AND OL_D_ID = 4\
              AND OL_O_ID < 20536\
              AND OL_O_ID >= 20516\
              AND S_W_ID = 1\
              AND S_I_ID = OL_I_ID\
              AND S_QUANTITY < 13",391816,1694828706390.444
184,1694828712355,1.409,0.0,0,0,ROLLBACK,391787,1694828712353.591
185,1694828765666,1.349,0.0,0,0,COMMIT,391817,1694828765664.651
186,1694828833568,1.02,0.0,0,0,COMMIT,391809,1694828833566.98
187,1694828937818,1.096,0.0,0,0,COMMIT,391805,1694828937816.904
188,1694829044108,1.166,0.0,0,0,COMMIT,391821,1694829044106.834
189,1694829091406,1.479,0.0,0,0,COMMIT,391818,1694829091404.521
190,1694829167660,1.039,0.0,0,0,COMMIT,391789,1694829167658.961
191,1694829191923,1.267,0.0,0,0,COMMIT,391799,1694829191921.733
192,1694828478698,1.585,0.0,0,0,COMMIT,391828,1694828478696.415
193,1694828662054,1.105,0.0,0,0,COMMIT,391838,1694828662052.895
194,1694828735449,1.395,0.0,0,0,COMMIT,391833,1694828735447.605
195,1694828785369,1.013,0.0,0,0,COMMIT,391857,1694828785367.987
198,1694829002115,1.204,0.0,0,0,COMMIT,391830,1694829002113.796
202,1694829124063,1.024,0.0,0,0,COMMIT,391858,1694829124061.976
203,1694829252914,1.023,0.0,0,0,COMMIT,391849,1694829252912.977
204,1694829297069,1.692,0.068,1,418,"SELECT COUNT(DISTINCT(OL_I_ID)) FROM order_line, stock\
            WHERE OL_W_ID = 3\
              AND OL_D_ID = 9\
              AND OL_O_ID < 20450\
              AND OL_O_ID >= 20430\
              AND S_W_ID = 3\
              AND S_I_ID = OL_I_ID\
              AND S_QUANTITY < 12",391887,1694829297067.308
205,1694828479966,1.145,0.088,1,370,"SELECT COUNT(DISTINCT(OL_I_ID)) FROM order_line, stock\
            WHERE OL_W_ID = 3\
              AND OL_D_ID = 5\
              AND OL_O_ID < 20221\
              AND OL_O_ID >= 20201\
              AND S_W_ID = 3\
              AND S_I_ID = OL_I_ID\
              AND S_QUANTITY < 10",391893,1694828479964.855
206,1694828489309,1.203,0.0,0,0,ROLLBACK,391877,1694828489307.797
207,1694828502528,1.588,0.072,1,400,"SELECT COUNT(DISTINCT(OL_I_ID)) FROM order_line, stock\
            WHERE OL_W_ID = 2\
              AND OL_D_ID = 2\
              AND OL_O_ID < 20544\
              AND OL_O_ID >= 20524\
              AND S_W_ID = 2\
              AND S_I_ID = OL_I_ID\
              AND S_QUANTITY < 20",391894,1694828502526.412
209,1694828610166,1.062,0.0,0,0,COMMIT,391882,1694828610164.938
212,1694828891819,1.521,0.076,1,384,"SELECT COUNT(DISTINCT(OL_I_ID)) FROM order_line, stock\
            WHERE OL_W_ID = 4\
              AND OL_D_ID = 7\
              AND OL_O_ID < 20572\
              AND OL_O_ID >= 20552\
              AND S_W_ID = 4\
              AND S_I_ID = OL_I_ID\
              AND S_QUANTITY < 12",391911,1694828891817.479
213,1694829159239,1.02,0.0,0,0,COMMIT,391917,1694829159237.98
214,1694829223341,1.215,0.0,0,0,COMMIT,391921,1694829223339.785
215,1694829259999,1.004,0.0,0,0,COMMIT,391915,1694829259997.996
216,1694829342965,1.127,0.0,0,0,COMMIT,391924,1694829342963.873
217,1694829371626,1.102,0.0,0,0,COMMIT,391904,1694829371624.898
218,1694829422821,1.981,0.082,1,394,"SELECT COUNT(DISTINCT(OL_I_ID)) FROM order_line, stock\
            WHERE OL_W_ID = 2\
              AND OL_D_ID = 8\
              AND OL_O_ID < 20444\
              AND OL_O_ID >= 20424\
              AND S_W_ID = 2\
              AND S_I_ID = OL_I_ID\
              AND S_QUANTITY < 18",391933,1694829422819.019
219,1694828452934,1.763,0.084,1,384,"SELECT COUNT(DISTINCT(OL_I_ID)) FROM order_line, stock\
            WHERE OL_W_ID = 4\
              AND OL_D_ID = 6\
              AND OL_O_ID < 20229\
              AND OL_O_ID >= 20209\
              AND S_W_ID = 4\
              AND S_I_ID = OL_I_ID\
              AND S_QUANTITY < 16",391935,1694828452932.237
224,1694828645895,1.9,0.079,1,386,"SELECT COUNT(DISTINCT(OL_I_ID)) FROM order_line, stock\
            WHERE OL_W_ID = 3\
              AND OL_D_ID = 6\
              AND OL_O_ID < 20302\
              AND OL_O_ID >= 20282\
              AND S_W_ID = 3\
              AND S_I_ID = OL_I_ID\
              AND S_QUANTITY < 18",391944,1694828645893.1
225,1694828653487,1.021,0.0,0,0,COMMIT,391861,1694828653485.979
226,1694828938980,1.368,0.0,0,0,COMMIT,391930,1694828938978.632
227,1694829019701,1.288,0.0,0,0,COMMIT,391947,1694829019699.712
228,1694829027270,1.101,0.0,0,0,COMMIT,391964,1694829027268.899
229,1694829214067,1.558,0.097,1,396,"SELECT COUNT(DISTINCT(OL_I_ID)) FROM order_line, stock\
            WHERE OL_W_ID = 1\
              AND OL_D_ID = 1\
              AND OL_O_ID < 20269\
              AND OL_O_ID >= 20249\
              AND S_W_ID = 1\
              AND S_I_ID = OL_I_ID\
              AND S_QUANTITY < 12",391975,1694829214065.442
230,1694829332063,1.153,0.0,0,0,COMMIT,391958,1694829332061.847
231,1694828444166,1.172,0.0,0,0,COMMIT,391971,1694828444164.828
232,1694828459930,1.002,0.0,0,0,COMMIT,391984,1694828459928.998
233,1694828528276,1.043,0.0,0,0,COMMIT,391987,1694828528274.957
238,1694828652293,1.14,0.0,0,0,ROLLBACK,391973,1694828652291.86
239,1694828759067,1.07,0.0,0,0,COMMIT,391970,1694828759065.93
240,1694828766589,2.097,0.115,1,362,"SELECT COUNT(DISTINCT(OL_I_ID)) FROM order_line, stock\
            WHERE OL_W_ID = 1\
              AND OL_D_ID = 2\
              AND OL_O_ID < 20237\
              AND OL_O_ID >= 20217\
              AND S_W_ID = 1\
              AND S_I_ID = OL_I_ID\
              AND S_QUANTITY < 19",392000,1694828766586.903
241,1694828811434,1.017,0.0,0,0,COMMIT,391992,1694828811432.983
242,1694828907234,2.189,0.085,1,372,"SELECT COUNT(DISTINCT(OL_I_ID)) FROM order_line, stock\
            WHERE OL_W_ID = 4\
              AND OL_D_ID = 5\
              AND OL_O_ID < 20413\
              AND OL_O_ID >= 20393\
              AND S_W_ID = 4\
              AND S_I_ID = OL_I_ID\
              AND S_QUANTITY < 18",392008,1694828907231.811
243,1694828977700,1.01,0.0,0,0,COMMIT,392011,1694828977698.99
244,1694829060724,1.556,0.086,1,412,"SELECT COUNT(DISTINCT(OL_I_ID)) FROM order_line, stock\
            WHERE OL_W_ID = 2\
              AND OL_D_ID = 9\
              AND OL_O_ID < 20417\
              AND OL_O_ID >= 20397\
              AND S_W_ID = 2\
              AND S_I_ID = OL_I_ID\
              AND S_QUANTITY < 15",392014,1694829060722.444
245,1694829096359,1.972,0.0,0,0,COMMIT,392003,1694829096357.028
246,1694829136190,1.013,0.0,0,0,ROLLBACK,392006,1694829136188.987
247,1694829396040,1.357,0.0,0,0,COMMIT,391991,1694829396038.643
248,1694828521756,1.007,0.0,0,0,COMMIT,392031,1694828521754.993
249,1694828571645,1.144,0.0,0,0,COMMIT,392025,1694828571643.856
254,1694829191237,1.393,0.0,0,0,COMMIT,392009,1694829191235.607
255,1694829227002,1.162,0.0,0,0,COMMIT,392027,1694829227000.838
256,1694829300278,1.02,0.0,0,0,COMMIT,392015,1694829300276.98
257,1694829344736,1.263,0.0,0,0,COMMIT,392057,1694829344734.737
258,1694829393032,1.156,0.0,0,0,COMMIT,392007,1694829393030.844
259,1694828499514,1.127,0.0,0,0,COMMIT,392042,1694828499512.873
260,1694828512318,1.086,0.0,0,0,COMMIT,392050,1694828512316.914
261,1694828544788,1.55,0.0,0,0,COMMIT,392055,1694828544786.45
266,1694828629344,1.011,0.0,0,0,COMMIT,392018,1694828629342.989
267,1694828660791,1.055,0.0,0,0,ROLLBACK,392058,1694828660789.945
268,1694828716085,1.014,0.0,0,0,COMMIT,392072,1694828716083.986
269,1694828774672,1.024,0.0,0,0,COMMIT,392070,1694828774670.976
270,1694828813774,1.604,0.0,0,0,COMMIT,392026,1694828813772.396
271,1694828826292,1.13,0.0,0,0,ROLLBACK,392035,1694828826290.87
272,1694828898961,1.05,0.0,0,0,COMMIT,392079,1694828898959.95
273,1694828967004,1.098,0.0,0,0,COMMIT,392092,1694828967002.902
274,1694829007845,1.031,0.0,0,0,COMMIT,392067,1694829007843.969
275,1694829020273,1.03,0.0,0,0,ROLLBACK,392062,1694829020271.97
276,1694829223015,1.068,0.0,0,0,COMMIT,392076,1694829223013.932
277,1694829332090,1.024,0.0,0,0,COMMIT,392046,1694829332088.976
278,1694828545596,1.018,0.0,0,0,COMMIT,392114,1694828545594.982
279,1694828576098,1.076,0.0,0,0,COMMIT,392115,1694828576096.924
280,1694828579713,1.683,0.0,0,0,COMMIT,392075,1694828579711.317
284,1694828610776,1.146,0.0,0,0,COMMIT,392091,1694828610774.854
286,1694828669283,1.105,0.0,0,0,COMMIT,392094,1694828669281.895
287,1694828792263,1.093,0.0,0,0,COMMIT,392118,1694828792261.907
288,1694828827507,1.152,0.0,0,0,COMMIT,392110,1694828827505.848
289,1694828904843,1.076,0.0,0,0,COMMIT,392126,1694828904841.924
290,1694829277544,1.164,0.0,0,0,COMMIT,392123,1694829277542.836
291,1694829290748,1.175,0.0,0,0,COMMIT,392134,1694829290746.825
292,1694829356512,1.577,0.096,1,360,"SELECT COUNT(DISTINCT(OL_I_ID)) FROM order_line, stock\
            WHERE OL_W_ID = 4\
              AND OL_D_ID = 4\
              AND OL_O_ID < 20157\
              AND OL_O_ID >= 20137\
              AND S_W_ID = 4\
              AND S_I_ID = OL_I_ID\
              AND S_QUANTITY < 12",392147,1694829356510.423
293,1694829373760,1.168,0.0,0,0,COMMIT,392143,1694829373758.832
294,1694828469744,1.084,0.0,0,0,COMMIT,392122,1694828469742.916
295,1694828479424,1.025,0.0,0,0,COMMIT,392119,1694828479422.975
296,1694828487313,1.132,0.0,0,0,COMMIT,392142,1694828487311.868
297,1694828529546,1.225,0.0,0,0,COMMIT,392136,1694828529544.775
299,1694828603189,1.066,0.0,0,0,COMMIT,392137,1694828603187.934
303,1694828657503,7.07,0.0,0,0,COMMIT,392090,1694828657495.93
304,1694828669026,1.17,0.0,0,0,COMMIT,392161,1694828669024.83
305,1694828669859,1.822,0.0,0,0,ROLLBACK,392111,1694828669857.178
306,1694828717964,1.095,0.0,0,0,COMMIT,392153,1694828717962.905
307,1694828782617,1.065,0.0,0,0,COMMIT,392145,1694828782615.935
308,1694828936259,1.274,0.0,0,0,COMMIT,392138,1694828936257.726
309,1694829072363,1.075,0.0,0,0,COMMIT,392156,1694829072361.925
310,1694829079359,1.378,0.0,0,0,COMMIT,392172,1694829079357.622
311,1694829108647,1.624,0.082,1,412,"SELECT COUNT(DISTINCT(OL_I_ID)) FROM order_line, stock\
            WHERE OL_W_ID = 3\
              AND OL_D_ID = 8\
              AND OL_O_ID < 20269\
              AND OL_O_ID >= 20249\
              AND S_W_ID = 3\
              AND S_I_ID = OL_I_ID\
              AND S_QUANTITY < 18",392184,1694829108645.376
312,1694829226159,1.166,0.0,0,0,COMMIT,392177,1694829226157.834
313,1694829316837,1.098,0.0,0,0,ROLLBACK,392174,1694829316835.902
314,1694829416178,1.058,0.0,0,0,COMMIT,392196,1694829416176.942
315,1694828497839,1.099,0.095,1,368,"SELECT COUNT(DISTINCT(OL_I_ID)) FROM order_line, stock\
            WHERE OL_W_ID = 3\
              AND OL_D_ID = 5\
              AND OL_O_ID < 20224\
              AND OL_O_ID >= 20204\
              AND S_W_ID = 3\
              AND S_I_ID = OL_I_ID\
              AND S_QUANTITY < 15",392199,1694828497837.901
316,1694828523104,1.208,0.0,0,0,ROLLBACK,392175,1694828523102.792
321,1694828686477,1.116,0.0,0,0,COMMIT,392148,1694828686475.884
322,1694828690995,1.018,0.0,0,0,COMMIT,392192,1694828690993.982
323,1694828699341,1.939,0.0,0,0,ROLLBACK,392187,1694828699339.061
324,1694828733616,1.011,0.0,0,0,COMMIT,392201,1694828733614.989
325,1694828742339,1.039,0.0,0,0,COMMIT,392164,1694828742337.961
326,1694828758422,1.034,0.0,0,0,COMMIT,392202,1694828758420.966
327,1694828810473,1.114,0.0,0,0,COMMIT,392185,1694828810471.886
328,1694828834041,1.011,0.0,0,0,COMMIT,392197,1694828834039.989
329,1694828869795,1.115,0.0,0,0,COMMIT,392170,1694828869793.885
330,1694828873121,1.066,0.0,0,0,COMMIT,392182,1694828873119.934
331,1694828891124,1.131,0.0,0,0,COMMIT,392210,1694828891122.869
332,1694828964437,1.028,0.0,0,0,COMMIT,392204,1694828964435.972
333,1694828981116,1.198,0.0,0,0,COMMIT,392208,1694828981114.802
334,1694829006108,1.188,0.0,0,0,COMMIT,392206,1694829006106.812
335,1694829042498,1.004,0.0,0,0,COMMIT,392191,1694829042496.996
336,1694828463716,1.008,0.0,0,0,COMMIT,392239,1694828463714.992
337,1694828524778,1.008,0.0,0,0,COMMIT,392225,1694828524776.992
338,1694828572138,1.113,0.0,0,0,COMMIT,392209,1694828572136.887
339,1694828597564,1.44,0.0,0,0,COMMIT,392207,1694828597562.56
342,1694828632914,1.1,0.0,0,0,COMMIT,392231,1694828632912.9
345,1694828688488,6.415,0.0,0,0,COMMIT,392228,1694828688481.585
346,1694828794164,1.031,0.0,0,0,COMMIT,392248,1694828794162.969
347,1694828910179,1.383,0.0,0,0,COMMIT,392211,1694828910177.617
348,1694828919805,1.183,0.0,0,0,COMMIT,392194,1694828919803.817
349,1694828932085,1.243,0.0,0,0,ROLLBACK,392242,1694828932083.757
350,1694829067176,1.113,0.0,0,0,COMMIT,392234,1694829067174.887
351,1694829266872,1.23,0.0,0,0,COMMIT,392189,1694829266870.77
352,1694828488311,1.416,0.089,1,398,"SELECT COUNT(DISTINCT(OL_I_ID)) FROM order_line, stock\
            WHERE OL_W_ID = 2\
              AND OL_D_ID = 8\
              AND OL_O_ID < 20447\
              AND OL_O_ID >= 20427\
              AND S_W_ID = 2\
              AND S_I_ID = OL_I_ID\
              AND S_QUANTITY < 14",392291,1694828488309.584
353,1694828494569,1.045,0.0,0,0,ROLLBACK,392283,1694828494567.955
354,1694828495133,1.13,0.0,0,0,ROLLBACK,392212,1694828495131.87
355,1694828496679,1.415,0.089,1,390,"SELECT COUNT(DISTINCT(OL_I_ID)) FROM order_line, stock\
            WHERE OL_W_ID = 3\
              AND OL_D_ID = 10\
              AND OL_O_ID < 20447\
              AND OL_O_ID >= 20427\
              AND S_W_ID = 3\
              AND S_I_ID = OL_I_ID\
              AND S_QUANTITY < 10",392292,1694828496677.585
356,1694828505189,1.145,0.0,0,0,COMMIT,392200,1694828505187.855
357,1694828528611,1.236,0.0,0,0,COMMIT,392235,1694828528609.764
358,1694828611118,1.18,0.0,0,0,COMMIT,392224,1694828611116.82
361,1694828624508,1.138,0.0,0,0,COMMIT,392163,1694828624506.862
364,1694828642128,1.091,0.0,0,0,COMMIT,392229,1694828642126.909
366,1694828667689,1.09,0.0,0,0,COMMIT,392252,1694828667687.91
367,1694828702513,1.2,0.0,0,0,COMMIT,392268,1694828702511.8
368,1694828711977,1.069,0.0,0,0,COMMIT,392243,1694828711975.931
369,1694828805786,1.212,0.0,0,0,COMMIT,392256,1694828805784.788
370,1694828820877,1.371,0.0,0,0,ROLLBACK,392260,1694828820875.629
371,1694828876182,1.007,0.0,0,0,COMMIT,392280,1694828876180.993
372,1694829053398,1.136,0.0,0,0,COMMIT,392281,1694829053396.864
373,1694829102010,1.613,0.0,0,0,COMMIT,392302,1694829102008.387
374,1694829108193,1.976,0.112,1,366,"SELECT COUNT(DISTINCT(OL_I_ID)) FROM order_line, stock\
            WHERE OL_W_ID = 4\
              AND OL_D_ID = 10\
              AND OL_O_ID < 20143\
              AND OL_O_ID >= 20123\
              AND S_W_ID = 4\
              AND S_I_ID = OL_I_ID\
              AND S_QUANTITY < 18",392312,1694829108191.024
375,1694829311362,1.185,0.0,0,0,COMMIT,392272,1694829311360.815
376,1694829393776,1.075,0.0,0,0,COMMIT,392285,1694829393774.925
377,1694829421612,1.017,0.0,0,0,COMMIT,392307,1694829421610.983
378,1694828574893,1.089,0.0,0,0,COMMIT,392246,1694828574891.911
379,1694828582069,1.058,0.0,0,0,ROLLBACK,392271,1694828582067.942
385,1694828664879,1.158,0.0,0,0,COMMIT,392305,1694828664877.842
386,1694828680310,1.108,0.0,0,0,COMMIT,392278,1694828680308.892
387,1694828791415,1.128,0.0,0,0,COMMIT,392330,1694828791413.872
388,1694828885006,1.196,0.0,0,0,COMMIT,392258,1694828885004.804
389,1694828939274,2.024,0.088,1,398,"SELECT COUNT(DISTINCT(OL_I_ID)) FROM order_line, stock\
            WHERE OL_W_ID = 4\
              AND OL_D_ID = 9\
              AND OL_O_ID < 20312\
              AND OL_O_ID >= 20292\
              AND S_W_ID = 4\
              AND S_I_ID = OL_I_ID\
              AND S_QUANTITY < 15",392357,1694828939271.976
390,1694828948163,1.087,0.0,0,0,COMMIT,392356,1694828948161.913
391,1694829012219,1.477,0.091,1,370,"SELECT COUNT(DISTINCT(OL_I_ID)) FROM order_line, stock\
            WHERE OL_W_ID = 1\
              AND OL_D_ID = 9\
              AND OL_O_ID < 20205\
              AND OL_O_ID >= 20185\
              AND S_W_ID = 1\
              AND S_I_ID = OL_I_ID\
              AND S_QUANTITY < 12",392360,1694829012217.523
392,1694829038464,1.086,0.0,0,0,COMMIT,392309,1694829038462.914
393,1694829038825,1.212,0.0,0,0,COMMIT,392335,1694829038823.788
394,1694829059206,1.018,0.0,0,0,ROLLBACK,392347,1694829059204.982
395,1694829106018,1.089,0.0,0,0,ROLLBACK,392332,1694829106016.911
396,1694829198576,1.004,0.0,0,0,COMMIT,392358,1694829198574.996
397,1694829322549,1.12,0.0,0,0,COMMIT,392323,1694829322547.88
398,1694829400241,1.089,0.0,0,0,COMMIT,392353,1694829400239.911
399,1694828560088,1.074,0.0,0,0,COMMIT,392348,1694828560086.926
400,1694828573149,1.066,0.0,0,0,COMMIT,392350,1694828573147.934
403,1694828625236,1.156,0.0,0,0,COMMIT,392380,1694828625234.844
405,1694828643462,1.137,0.0,0,0,ROLLBACK,392300,1694828643460.863
407,1694828915937,1.519,0.09,1,398,"SELECT COUNT(DISTINCT(OL_I_ID)) FROM order_line, stock\
            WHERE OL_W_ID = 1\
              AND OL_D_ID = 3\
              AND OL_O_ID < 20287\
              AND OL_O_ID >= 20267\
              AND S_W_ID = 1\
              AND S_I_ID = OL_I_ID\
              AND S_QUANTITY < 14",392398,1694828915935.481
408,1694828999553,1.121,0.0,0,0,COMMIT,392366,1694828999551.879
409,1694829023878,1.021,0.0,0,0,COMMIT,392232,1694829023876.979
410,1694829241842,1.146,0.0,0,0,COMMIT,392401,1694829241840.854
411,1694829317276,1.146,0.0,0,0,COMMIT,392372,1694829317274.854
412,1694829386166,1.051,0.0,0,0,COMMIT,392395,1694829386164.949
413,1694828503304,1.168,0.0,0,0,COMMIT,392371,1694828503302.832
414,1694828512709,1.021,0.0,0,0,COMMIT,392382,1694828512707.979
415,1694828568195,1.071,0.0,0,0,COMMIT,392412,1694828568193.929
420,1694828669550,1.12,0.0,0,0,COMMIT,392396,1694828669548.88
421,1694828690303,1.149,0.0,0,0,COMMIT,392427,1694828690301.851
422,1694828740640,1.043,0.0,0,0,COMMIT,392333,1694828740638.957
423,1694829000896,1.049,0.0,0,0,COMMIT,392438,1694829000894.951
424,1694829113096,1.346,0.0,0,0,COMMIT,392385,1694829113094.654
425,1694829334405,1.113,0.0,0,0,COMMIT,392449,1694829334403.887
426,1694829372814,1.045,0.0,0,0,COMMIT,392446,1694829372812.955
427,1694829389420,1.392,0.088,1,414,"SELECT COUNT(DISTINCT(OL_I_ID)) FROM order_line, stock\
            WHERE OL_W_ID = 1\
              AND OL_D_ID = 6\
              AND OL_O_ID < 20260\
              AND OL_O_ID >= 20240\
              AND S_W_ID = 1\
              AND S_I_ID = OL_I_ID\
              AND S_QUANTITY < 13",392458,1694829389418.608
428,1694828461154,1.045,0.0,0,0,COMMIT,392379,1694828461152.955
429,1694828470197,1.141,0.0,0,0,COMMIT,392462,1694828470195.859
430,1694828502493,1.078,0.0,0,0,COMMIT,392455,1694828502491.922
431,1694828564143,1.234,0.0,0,0,COMMIT,392441,1694828564141.766
432,1694828586195,1.036,0.0,0,0,ROLLBACK,392447,1694828586193.964
433,1694828596177,1.084,0.0,0,0,COMMIT,392391,1694828596175.916
438,1694828664485,2.02,0.0,0,0,COMMIT,392453,1694828664482.98
439,1694828701526,1.245,0.082,1,410,"SELECT COUNT(DISTINCT(OL_I_ID)) FROM order_line, stock\
            WHERE OL_W_ID = 2\
              AND OL_D_ID = 2\
              AND OL_O_ID < 20547\
              AND OL_O_ID >= 20527\
              AND S_W_ID = 2\
              AND S_I_ID = OL_I_ID\
              AND S_QUANTITY < 16",392473,1694828701524.755
440,1694828899811,1.016,0.057,0,1,"UPDATE stock SET S_QUANTITY = 86, S_YTD = 59, S_ORDER_CNT = 12, S_REMOTE_CNT = 0 WHERE S_I_ID = 14029 AND S_W_ID = 2",392465,1694828899809.984
441,1694828963847,1.018,0.0,0,0,COMMIT,392443,1694828963845.982
442,1694828967811,1.339,0.101,1,352,"SELECT COUNT(DISTINCT(OL_I_ID)) FROM order_line, stock\
            WHERE OL_W_ID = 1\
              AND OL_D_ID = 7\
              AND OL_O_ID < 20532\
              AND OL_O_ID >= 20512\
              AND S_W_ID = 1\
              AND S_I_ID = OL_I_ID\
              AND S_QUANTITY < 18",392484,1694828967809.661
443,1694829099968,1.479,0.105,1,376,"SELECT COUNT(DISTINCT(OL_I_ID)) FROM order_line, stock\
            WHERE OL_W_ID = 4\
              AND OL_D_ID = 1\
              AND OL_O_ID < 20270\
              AND OL_O_ID >= 20250\
              AND S_W_ID = 4\
              AND S_I_ID = OL_I_ID\
              AND S_QUANTITY < 14",392490,1694829099966.521
444,1694829242500,1.178,0.0,0,0,COMMIT,392477,1694829242498.822
445,1694829258136,1.013,0.0,0,0,COMMIT,392388,1694829258134.987
446,1694829304369,1.241,0.077,1,380,"SELECT COUNT(DISTINCT(OL_I_ID)) FROM order_line, stock\
            WHERE OL_W_ID = 2\
              AND OL_D_ID = 5\
              AND OL_O_ID < 20370\
              AND OL_O_ID >= 20350\
              AND S_W_ID = 2\
              AND S_I_ID = OL_I_ID\
              AND S_QUANTITY < 19",392498,1694829304367.759
447,1694829307405,1.023,0.0,0,0,COMMIT,392475,1694829307403.977
448,1694829319988,1.061,0.0,0,0,COMMIT,392415,1694829319986.939
449,1694829332596,1.053,0.0,0,0,COMMIT,392488,1694829332594.947
450,1694829364652,1.023,0.0,0,0,COMMIT,392464,1694829364650.977
451,1694829388816,1.077,0.0,0,0,COMMIT,392492,1694829388814.923
452,1694829412610,1.002,0.0,0,0,COMMIT,392493,1694829412608.998
453,1694829429012,1.053,0.0,0,0,COMMIT,392500,1694829429010.947
454,1694828478509,1.04,0.0,0,0,COMMIT,392476,1694828478507.96
459,1694828640402,3.044,0.05,1,1,"SELECT S_QUANTITY, S_DATA, S_YTD, S_ORDER_CNT, S_REMOTE_CNT, S_DIST_04 FROM stock WHERE S_I_ID = 48165 AND S_W_ID = 2",392503,1694828640398.956
460,1694828784062,1.589,0.0,0,0,COMMIT,392508,1694828784060.411
461,1694829082005,1.093,0.0,0,0,COMMIT,392525,1694829082003.907
462,1694829264797,1.087,0.0,0,0,COMMIT,392518,1694829264795.913
463,1694829327504,1.071,0.0,0,0,COMMIT,392527,1694829327502.929
464,1694828538276,1.106,0.0,0,0,COMMIT,392529,1694828538274.894
465,1694828592221,1.178,0.0,0,0,COMMIT,392533,1694828592219.822
470,1694828673501,1.079,0.0,0,0,COMMIT,392510,1694828673499.921
471,1694828763340,1.217,0.0,0,0,COMMIT,392532,1694828763338.783
472,1694828769715,1.047,0.0,0,0,ROLLBACK,392522,1694828769713.953
473,1694828809647,1.01,0.0,0,0,COMMIT,392531,1694828809645.99
474,1694828848538,1.326,0.079,1,420,"SELECT COUNT(DISTINCT(OL_I_ID)) FROM order_line, stock\
            WHERE OL_W_ID = 3\
              AND OL_D_ID = 8\
              AND OL_O_ID < 20271\
              AND OL_O_ID >= 20251\
              AND S_W_ID = 3\
              AND S_I_ID = OL_I_ID\
              AND S_QUANTITY < 20",392560,1694828848536.674
475,1694828980355,1.501,0.0,0,0,COMMIT,392526,1694828980353.499
476,1694829196126,1.008,0.0,0,0,COMMIT,392538,1694829196124.992
477,1694829203940,1.851,0.078,1,370,"SELECT COUNT(DISTINCT(OL_I_ID)) FROM order_line, stock\
            WHERE OL_W_ID = 3\
              AND OL_D_ID = 9\
              AND OL_O_ID < 20456\
              AND OL_O_ID >= 20436\
              AND S_W_ID = 3\
              AND S_I_ID = OL_I_ID\
              AND S_QUANTITY < 13",392565,1694829203938.149
478,1694829248790,1.182,0.0,0,0,COMMIT,392556,1694829248788.818
479,1694829356906,1.025,0.0,0,0,COMMIT,392572,1694829356904.975
480,1694828513888,1.043,0.0,0,0,COMMIT,392585,1694828513886.957
481,1694828558376,1.097,0.0,0,0,COMMIT,392579,1694828558374.903
485,1694828655355,1.034,0.0,0,0,COMMIT,392581,1694828655353.966
487,1694828701896,1.075,0.0,0,0,COMMIT,392576,1694828701894.925
488,1694828705079,1.013,0.0,0,0,COMMIT,392584,1694828705077.987
489,1694828708270,1.057,0.0,0,0,ROLLBACK,392577,1694828708268.943
490,1694828786240,1.098,0.0,0,0,COMMIT,392597,1694828786238.902
491,1694828786796,1.189,0.0,0,0,COMMIT,392569,1694828786794.811
492,1694828786813,1.556,0.0,0,0,COMMIT,392578,1694828786811.444
493,1694829040615,1.014,0.0,0,0,COMMIT,392599,1694829040613.986
494,1694829149978,1.036,0.0,0,0,COMMIT,392571,1694829149976.964
495,1694829227245,1.039,0.0,0,0,COMMIT,392617,1694829227243.961
496,1694829442027,1.306,0.0,0,0,COMMIT,392604,1694829442025.694
497,1694828508869,1.042,0.0,0,0,COMMIT,392598,1694828508867.958
498,1694828563527,1.125,0.0,0,0,COMMIT,392629,1694828563525.875
499,1694828608124,1.049,0.0,0,0,COMMIT,392626,1694828608122.951
500,1694828675774,1.069,0.0,0,0,ROLLBACK,392587,1694828675772.931
501,1694828795853,1.04,0.0,0,0,COMMIT,392635,1694828795851.96
505,1694828867897,1.074,0.0,0,0,COMMIT,392609,1694828867895.926
507,1694828887737,1.084,0.0,0,0,COMMIT,392620,1694828887735.916
508,1694828895469,1.058,0.0,0,0,COMMIT,392608,1694828895467.942
509,1694828969869,1.128,0.0,0,0,COMMIT,392625,1694828969867.872
510,1694829172963,1.191,0.0,0,0,COMMIT,392627,1694829172961.809
511,1694829180249,1.159,0.0,0,0,ROLLBACK,392630,1694829180247.841
512,1694829249482,1.276,0.0,0,0,COMMIT,392654,1694829249480.724
513,1694829279432,1.139,0.0,0,0,COMMIT,392661,1694829279430.861
514,1694829288044,1.122,0.0,0,0,COMMIT,392628,1694829288042.878
515,1694828482079,1.026,0.0,0,0,COMMIT,392638,1694828482077.974
516,1694828598438,1.182,0.0,0,0,COMMIT,392642,1694828598436.818
520,1694828638055,1.054,0.0,0,0,ROLLBACK,392677,1694828638053.946
522,1694828694262,1.108,0.0,0,0,COMMIT,392607,1694828694260.892
523,1694828823717,1.218,0.093,1,396,"SELECT COUNT(DISTINCT(OL_I_ID)) FROM order_line, stock\
            WHERE OL_W_ID = 2\
              AND OL_D_ID = 7\
              AND OL_O_ID < 20348\
              AND OL_O_ID >= 20328\
              AND S_W_ID = 2\
              AND S_I_ID = OL_I_ID\
              AND S_QUANTITY < 18",392688,1694828823715.782
524,1694828849837,1.04,0.0,0,0,COMMIT,392663,1694828849835.96
525,1694828852233,1.143,0.092,1,400,"SELECT COUNT(DISTINCT(OL_I_ID)) FROM order_line, stock\
            WHERE OL_W_ID = 3\
              AND OL_D_ID = 6\
              AND OL_O_ID < 20309\
              AND OL_O_ID >= 20289\
              AND S_W_ID = 3\
              AND S_I_ID = OL_I_ID\
              AND S_QUANTITY < 13",392689,1694828852231.857
526,1694828903290,1.11,0.0,0,0,COMMIT,392636,1694828903288.89
527,1694828921947,1.158,0.0,0,0,COMMIT,392667,1694828921945.842
528,1694828922557,1.151,0.078,1,370,"SELECT COUNT(DISTINCT(OL_I_ID)) FROM order_line, stock\
            WHERE OL_W_ID = 2\
              AND OL_D_ID = 4\
              AND OL_O_ID < 20360\
              AND OL_O_ID >= 20340\
              AND S_W_ID = 2\
              AND S_I_ID = OL_I_ID\
              AND S_QUANTITY < 10",392693,1694828922555.849
529,1694829009424,1.079,0.0,0,0,COMMIT,392694,1694829009422.921
530,1694829055194,1.128,0.0,0,0,COMMIT,392664,1694829055192.872
531,1694829067107,1.115,0.0,0,0,ROLLBACK,392665,1694829067105.885
532,1694829075818,1.091,0.0,0,0,COMMIT,392647,1694829075816.909
533,1694829150547,1.131,0.0,0,0,COMMIT,392687,1694829150545.869
534,1694829223838,1.111,0.0,0,0,COMMIT,392703,1694829223836.889
538,1694828609045,1.921,0.0,0,0,COMMIT,392691,1694828609043.079
541,1694828642964,2.576,0.0,0,0,Quit,392699,1694828642961.424
542,1694828647643,1.231,0.0,0,0,COMMIT,392659,1694828647641.769
543,1694828674900,1.044,0.0,0,0,COMMIT,392721,1694828674898.956
544,1694828819931,1.037,0.0,0,0,COMMIT,392717,1694828819929.963
545,1694828821658,1.09,0.0,0,0,COMMIT,392705,1694828821656.91
546,1694828862571,1.203,0.0,0,0,COMMIT,392730,1694828862569.797
547,1694828908765,1.077,0.0,0,0,COMMIT,392722,1694828908763.923
548,1694828974190,1.016,0.0,0,0,COMMIT,392737,1694828974188.984
549,1694829014433,1.087,0.0,0,0,COMMIT,392698,1694829014431.913
550,1694829202278,1.031,0.0,0,0,COMMIT,392745,1694829202276.969
551,1694829242139,1.228,0.0,0,0,COMMIT,392742,1694829242137.772
552,1694829278755,1.012,0.0,0,0,COMMIT,392732,1694829278753.988
553,1694829311782,1.138,0.0,0,0,COMMIT,392749,1694829311780.862
554,1694829347374,1.49,0.0,0,0,COMMIT,392751,1694829347372.51
555,1694828529272,1.08,0.0,0,0,COMMIT,392758,1694828529270.92
556,1694828597758,1.054,0.0,0,0,COMMIT,392760,1694828597756.946
557,1694828606585,1.304,0.09,1,360,"SELECT COUNT(DISTINCT(OL_I_ID)) FROM order_line, stock\
            WHERE OL_W_ID = 3\
              AND OL_D_ID = 2\
              AND OL_O_ID < 20201\
              AND OL_O_ID >= 20181\
              AND S_W_ID = 3\
              AND S_I_ID = OL_I_ID\
              AND S_QUANTITY < 16",392761,1694828606583.696
562,1694828663580,1.455,0.0,0,0,COMMIT,392755,1694828663578.545
563,1694828672297,2.9,0.0,0,0,ROLLBACK,392750,1694828672294.1
564,1694828742671,1.282,0.0,0,0,COMMIT,392764,1694828742669.718
565,1694828777604,1.043,0.0,0,0,COMMIT,392769,1694828777602.957
566,1694829036183,1.11,0.0,0,0,COMMIT,392776,1694829036181.89
567,1694829349618,1.018,0.0,0,0,COMMIT,392729,1694829349616.982
568,1694829356089,1.025,0.0,0,0,ROLLBACK,392738,1694829356087.975
569,1694828523601,1.102,0.0,0,0,COMMIT,392791,1694828523599.898
570,1694828577438,1.054,0.0,0,0,COMMIT,392785,1694828577436.946
571,1694828594045,1.007,0.0,0,0,ROLLBACK,392762,1694828594043.993
572,1694828606448,1.196,0.0,0,0,COMMIT,392779,1694828606446.804
573,1694828612762,1.424,0.093,1,412,"SELECT COUNT(DISTINCT(OL_I_ID)) FROM order_line, stock\
            WHERE OL_W_ID = 4\
              AND OL_D_ID = 9\
              AND OL_O_ID < 20316\
              AND OL_O_ID >= 20296\
              AND S_W_ID = 4\
              AND S_I_ID = OL_I_ID\
              AND S_QUANTITY < 16",392804,1694828612760.576
578,1694828714410,1.188,0.069,1,418,"SELECT COUNT(DISTINCT(OL_I_ID)) FROM order_line, stock\
            WHERE OL_W_ID = 2\
              AND OL_D_ID = 6\
              AND OL_O_ID < 20378\
              AND OL_O_ID >= 20358\
              AND S_W_ID = 2\
              AND S_I_ID = OL_I_ID\
              AND S_QUANTITY < 12",392809,1694828714408.812
579,1694828737487,1.003,0.0,0,0,COMMIT,392810,1694828737485.997
580,1694829207290,1.088,0.0,0,0,ROLLBACK,392811,1694829207288.912
581,1694829241179,1.173,0.059,1,1,"SELECT S_QUANTITY, S_DATA, S_YTD, S_ORDER_CNT, S_REMOTE_CNT, S_DIST_05 FROM stock WHERE S_I_ID = 13892 AND S_W_ID = 4",392795,1694829241177.827
582,1694829253203,1.123,0.0,0,0,COMMIT,392830,1694829253201.877
583,1694829389609,1.077,0.0,0,0,COMMIT,392813,1694829389607.923
584,1694829423512,1.485,0.098,1,394,"SELECT COUNT(DISTINCT(OL_I_ID)) FROM order_line, stock\
            WHERE OL_W_ID = 1\
              AND OL_D_ID = 2\
              AND OL_O_ID < 20242\
              AND OL_O_ID >= 20222\
              AND S_W_ID = 1\
              AND S_I_ID = OL_I_ID\
              AND S_QUANTITY < 18",392829,1694829423510.515
587,1694828608855,1.172,0.0,0,0,COMMIT,392766,1694828608853.828
589,1694828627278,1.042,0.0,0,0,COMMIT,392846,1694828627276.958
591,1694828656773,1.375,0.0,0,0,COMMIT,392812,1694828656771.625
592,1694828666502,1.041,0.0,0,0,Quit,392843,1694828666500.959
593,1694828750295,1.14,0.0,0,0,COMMIT,392836,1694828750293.86
594,1694828796218,1.229,0.0,0,0,COMMIT,392822,1694828796216.771
595,1694829029228,1.079,0.0,0,0,COMMIT,392855,1694829029226.921
596,1694829115223,2.022,0.0,0,0,ROLLBACK,392837,1694829115220.978
597,1694829124641,1.377,0.0,0,0,COMMIT,392864,1694829124639.623
598,1694829139143,1.136,0.0,0,0,COMMIT,392868,1694829139141.864
599,1694829201291,1.672,0.0,0,0,COMMIT,392863,1694829201289.328
600,1694829202128,1.253,0.0,0,0,COMMIT,392872,1694829202126.747
601,1694829267194,1.363,0.0,0,0,COMMIT,392869,1694829267192.637
602,1694829340615,1.011,0.0,0,0,COMMIT,392873,1694829340613.989
603,1694828465551,1.175,0.0,0,0,COMMIT,392880,1694828465549.825
604,1694828601895,1.077,0.0,0,0,COMMIT,392879,1694828601893.923
607,1694828635437,1.012,0.0,0,0,COMMIT,392866,1694828635435.988
610,1694828722515,1.117,0.0,0,0,COMMIT,392900,1694828722513.883
611,1694828848803,1.078,0.0,0,0,COMMIT,392889,1694828848801.922
612,1694828895303,1.214,0.0,0,0,COMMIT,392876,1694828895301.786
613,1694828955424,1.06,0.0,0,0,COMMIT,392890,1694828955422.94
614,1694828956031,1.306,0.0,0,0,COMMIT,392862,1694828956029.694
615,1694829049019,1.302,0.087,1,404,"SELECT COUNT(DISTINCT(OL_I_ID)) FROM order_line, stock\
            WHERE OL_W_ID = 1\
              AND OL_D_ID = 3\
              AND OL_O_ID < 20289\
              AND OL_O_ID >= 20269\
              AND S_W_ID = 1\
              AND S_I_ID = OL_I_ID\
              AND S_QUANTITY < 11",392921,1694829049017.698
616,1694829176697,1.268,0.0,0,0,COMMIT,392848,1694829176695.732
617,1694829252648,1.292,0.0,0,0,COMMIT,392892,1694829252646.708
618,1694829292298,1.024,0.0,0,0,COMMIT,392895,1694829292296.976
619,1694829304179,1.942,0.0,0,0,COMMIT,392917,1694829304177.058
620,1694829445539,1.056,0.0,0,0,COMMIT,392909,1694829445537.944
621,1694828603214,1.294,0.0,0,0,COMMIT,392888,1694828603212.706
623,1694828638586,1.709,0.0,0,0,COMMIT,392941,1694828638584.291
627,1694828740619,1.146,0.0,0,0,ROLLBACK,392926,1694828740617.854
628,1694828791797,1.097,0.0,0,0,COMMIT,392950,1694828791795.903
629,1694828858249,1.021,0.0,0,0,COMMIT,392882,1694828858247.979
630,1694828949660,1.06,0.0,0,0,COMMIT,392924,1694828949658.94
631,1694828968079,1.046,0.0,0,0,COMMIT,392939,1694828968077.954
632,1694829025914,1.015,0.0,0,0,COMMIT,392954,1694829025912.985
633,1694829120414,1.187,0.0,0,0,COMMIT,392907,1694829120412.813
634,1694829269708,1.192,0.0,0,0,COMMIT,392969,1694829269706.808
635,1694829270471,1.801,0.0,0,0,COMMIT,392970,1694829270469.199
636,1694829367025,1.239,0.0,0,0,COMMIT,392951,1694829367023.761
637,1694828540202,1.333,0.0,0,0,COMMIT,392929,1694828540200.667
641,1694828638762,1.415,0.0,0,0,COMMIT,392919,1694828638760.585
642,1694828644110,1.169,0.0,0,0,COMMIT,392963,1694828644108.831
645,1694828734111,1.118,0.0,0,0,COMMIT,392908,1694828734109.882
646,1694828805371,1.049,0.0,0,0,COMMIT,392968,1694828805369.951
647,1694828874285,1.205,0.0,0,0,COMMIT,392938,1694828874283.795
648,1694828920528,1.17,0.079,0,1,"UPDATE stock SET S_QUANTITY = 91, S_YTD = 88, S_ORDER_CNT = 11, S_REMOTE_CNT = 0 WHERE S_I_ID = 69188 AND S_W_ID = 4",392987,1694828920526.83
649,1694828997100,1.198,0.0,0,0,COMMIT,392992,1694828997098.802
650,1694829221135,1.095,0.0,0,0,COMMIT,392966,1694829221133.905
651,1694828530496,1.128,0.0,0,0,COMMIT,392870,1694828530494.872
656,1694828681027,1.023,0.0,0,0,COMMIT,393022,1694828681025.977
657,1694828816556,1.092,0.0,0,0,ROLLBACK,393018,1694828816554.908
658,1694828916375,1.308,0.0,0,0,COMMIT,393043,1694828916373.692
659,1694828983232,1.915,0.0,0,0,ROLLBACK,393017,1694828983230.085
660,1694829324026,1.108,0.0,0,0,COMMIT,393015,1694829324024.892
661,1694828571191,1.138,0.0,0,0,COMMIT,393069,1694828571189.862
662,1694828604262,2.575,0.0,0,0,COMMIT,393062,1694828604259.425
664,1694828631785,1.008,0.0,0,0,COMMIT,392983,1694828631783.992
667,1694828639069,1.972,0.0,0,0,ROLLBACK,393036,1694828639067.028
669,1694828678239,6.137,0.0,0,0,COMMIT,393056,1694828678232.863
670,1694828695239,1.029,0.0,0,0,COMMIT,393068,1694828695237.971
671,1694828709190,1.303,0.094,1,368,"SELECT COUNT(DISTINCT(OL_I_ID)) FROM order_line, stock\
            WHERE OL_W_ID = 3\
              AND OL_D_ID = 9\
              AND OL_O_ID < 20460\
              AND OL_O_ID >= 20440\
              AND S_W_ID = 3\
              AND S_I_ID = OL_I_ID\
              AND S_QUANTITY < 17",393079,1694828709188.697
672,1694828853002,1.107,0.0,0,0,COMMIT,393067,1694828853000.893
673,1694828879775,1.01,0.0,0,0,ROLLBACK,392948,1694828879773.99
674,1694828942654,1.077,0.0,0,0,COMMIT,393073,1694828942652.923
675,1694828959873,1.05,0.0,0,0,COMMIT,393082,1694828959871.95
676,1694829124776,1.072,0.066,0,0,"INSERT INTO order_line (OL_O_ID, OL_D_ID, OL_W_ID, OL_NUMBER, OL_I_ID, OL_SUPPLY_W_ID, OL_DELIVERY_D, OL_QUANTITY, OL_AMOUNT, OL_DIST_INFO) VALUES (20440, '01', 3, 2, 15093, 3, '2023-09-16 09:41:06.159640', 10, 68.50, 'dCnaCmvh52G6k6tG7YTnREsw')",393076,1694829124774.928
677,1694829130180,1.551,0.0,0,0,COMMIT,392877,1694829130178.449
678,1694829311136,1.015,0.0,0,0,COMMIT,393099,1694829311134.985
679,1694829352371,1.073,0.0,0,0,COMMIT,392885,1694829352369.927
680,1694828555219,1.126,0.0,0,0,COMMIT,393063,1694828555217.874
681,1694828567283,1.135,0.0,0,0,COMMIT,393107,1694828567281.865
682,1694828581574,2.698,0.075,1,424,"SELECT COUNT(DISTINCT(OL_I_ID)) FROM order_line, stock\
            WHERE OL_W_ID = 3\
              AND OL_D_ID = 7\
              AND OL_O_ID < 20152\
              AND OL_O_ID >= 20132\
              AND S_W_ID = 3\
              AND S_I_ID = OL_I_ID\
              AND S_QUANTITY < 18",393117,1694828581571.302
683,1694828626085,1.011,0.0,0,0,COMMIT,393076,1694828626083.989
685,1694828633030,1.173,0.0,0,0,ROLLBACK,393084,1694828633028.827
689,1694828698494,1.08,0.0,0,0,COMMIT,393108,1694828698492.92
690,1694828699046,1.492,0.0,0,0,COMMIT,393088,1694828699044.508
691,1694828701767,1.003,0.0,0,0,COMMIT,393110,1694828701765.997
692,1694828705115,1.083,0.0,0,0,ROLLBACK,393092,1694828705113.917
693,1694828728241,1.578,0.0,0,0,COMMIT,392923,1694828728239.422
694,1694828741008,1.094,0.0,0,0,COMMIT,392940,1694828741006.906
695,1694828768007,1.012,0.0,0,0,COMMIT,392962,1694828768005.988
696,1694828916015,1.017,0.0,0,0,COMMIT,392981,1694828916013.983
697,1694829008486,1.391,0.0,0,0,COMMIT,392985,1694829008484.609
698,1694829144800,1.119,0.0,0,0,COMMIT,393115,1694829144798.881
699,1694829394269,1.008,0.0,0,0,COMMIT,393061,1694829394267.992
700,1694829431501,1.064,0.0,0,0,COMMIT,393127,1694829431499.936
701,1694828609603,1.078,0.0,0,0,COMMIT,393151,1694828609601.922
705,1694828703561,1.045,0.0,0,0,COMMIT,393154,1694828703559.955
706,1694828726416,1.068,0.0,0,0,COMMIT,393142,1694828726414.932
707,1694829271166,2.072,0.068,1,404,"SELECT COUNT(DISTINCT(OL_I_ID)) FROM order_line, stock\
            WHERE OL_W_ID = 3\
              AND OL_D_ID = 4\
              AND OL_O_ID < 20472\
              AND OL_O_ID >= 20452\
              AND S_W_ID = 3\
              AND S_I_ID = OL_I_ID\
              AND S_QUANTITY < 19",393181,1694829271163.928
708,1694828520795,1.142,0.0,0,0,COMMIT,393185,1694828520793.858
709,1694828635247,1.096,0.0,0,0,COMMIT,393149,1694828635245.904
711,1694828645928,2.97,0.0,0,0,COMMIT,393190,1694828645925.03
712,1694828646589,2.624,0.0,0,0,COMMIT,393182,1694828646586.376
714,1694828655676,1.377,0.0,0,0,ROLLBACK,393176,1694828655674.623
716,1694828760613,1.002,0.0,0,0,COMMIT,393202,1694828760611.998
717,1694828881404,1.068,0.0,0,0,COMMIT,393204,1694828881402.932
718,1694828941323,1.112,0.0,0,0,COMMIT,393197,1694828941321.888
719,1694829023207,1.041,0.0,0,0,COMMIT,393212,1694829023205.959
720,1694829055141,1.04,0.0,0,0,COMMIT,393214,1694829055139.96
721,1694829131774,8.913,0.061,0,1,"UPDATE stock SET S_QUANTITY = 46, S_YTD = 83, S_ORDER_CNT = 16, S_REMOTE_CNT = 0 WHERE S_I_ID = 48093 AND S_W_ID = 4",393213,1694829131765.087
722,1694829176194,1.004,0.0,0,0,COMMIT,393211,1694829176192.996
723,1694829186635,1.449,0.0,0,0,COMMIT,393179,1694829186633.551
724,1694829246592,1.018,0.0,0,0,COMMIT,393213,1694829246590.982
725,1694829390951,1.187,0.0,0,0,COMMIT,393227,1694829390949.813
726,1694829421103,1.057,0.0,0,0,COMMIT,393222,1694829421101.943
727,1694829438516,1.139,0.0,0,0,COMMIT,393206,1694829438514.861
728,1694828514910,1.011,0.0,0,0,COMMIT,393232,1694828514908.989
729,1694828536423,1.295,0.1,1,366,"SELECT COUNT(DISTINCT(OL_I_ID)) FROM order_line, stock\
            WHERE OL_W_ID = 1\
              AND OL_D_ID = 8\
              AND OL_O_ID < 20195\
              AND OL_O_ID >= 20175\
              AND S_W_ID = 1\
              AND S_I_ID = OL_I_ID\
              AND S_QUANTITY < 18",393234,1694828536421.705
731,1694828601162,1.367,0.0,0,0,COMMIT,393226,1694828601160.633
734,1694828624825,1.899,0.0,0,0,COMMIT,393236,1694828624823.101
739,1694828664188,1.34,0.0,0,0,COMMIT,393223,1694828664186.66
740,1694828716169,1.164,0.0,0,0,COMMIT,393240,1694828716167.836
741,1694828750125,1.429,0.133,1,404,"SELECT COUNT(DISTINCT(OL_I_ID)) FROM order_line, stock\
            WHERE OL_W_ID = 3\
              AND OL_D_ID = 8\
              AND OL_O_ID < 20277\
              AND OL_O_ID >= 20257\
              AND S_W_ID = 3\
              AND S_I_ID = OL_I_ID\
              AND S_QUANTITY < 11",393243,1694828750123.571
742,1694828761101,1.251,0.0,0,0,COMMIT,393242,1694828761099.749
743,1694828794914,1.229,0.0,0,0,COMMIT,393235,1694828794912.771
744,1694828875986,1.099,0.0,0,0,COMMIT,393244,1694828875984.901
745,1694828920523,1.728,0.0,0,0,COMMIT,393225,1694828920521.272
746,1694828935649,1.092,0.0,0,0,COMMIT,393250,1694828935647.908
747,1694828950780,1.291,0.0,0,0,COMMIT,393231,1694828950778.709
748,1694828991513,1.383,0.0,0,0,COMMIT,393247,1694828991511.617
749,1694829127537,1.257,0.0,0,0,COMMIT,393260,1694829127535.743
750,1694829130357,1.123,0.055,1,1,"SELECT S_QUANTITY, S_DATA, S_YTD, S_ORDER_CNT, S_REMOTE_CNT, S_DIST_03 FROM stock WHERE S_I_ID = 39749 AND S_W_ID = 3",393257,1694829130355.877
751,1694829144962,1.731,0.096,1,384,"SELECT COUNT(DISTINCT(OL_I_ID)) FROM order_line, stock\
            WHERE OL_W_ID = 4\
              AND OL_D_ID = 10\
              AND OL_O_ID < 20149\
              AND OL_O_ID >= 20129\
              AND S_W_ID = 4\
              AND S_I_ID = OL_I_ID\
              AND S_QUANTITY < 19",393261,1694829144960.269
752,1694829153504,1.046,0.0,0,0,COMMIT,393233,1694829153502.954
753,1694829181393,1.19,0.0,0,0,COMMIT,393253,1694829181391.81
754,1694829187363,1.105,0.0,0,0,COMMIT,393262,1694829187361.895
755,1694829245950,1.29,0.0,0,0,COMMIT,393239,1694829245948.71
756,1694829267970,1.499,0.116,1,398,"SELECT COUNT(DISTINCT(OL_I_ID)) FROM order_line, stock\
            WHERE OL_W_ID = 1\
              AND OL_D_ID = 9\
              AND OL_O_ID < 20213\
              AND OL_O_ID >= 20193\
              AND S_W_ID = 1\
              AND S_I_ID = OL_I_ID\
              AND S_QUANTITY < 17",393267,1694829267968.501
757,1694829329169,1.309,0.107,1,402,"SELECT COUNT(DISTINCT(OL_I_ID)) FROM order_line, stock\
            WHERE OL_W_ID = 4\
              AND OL_D_ID = 5\
              AND OL_O_ID < 20426\
              AND OL_O_ID >= 20406\
              AND S_W_ID = 4\
              AND S_I_ID = OL_I_ID\
              AND S_QUANTITY < 16",393269,1694829329167.691
758,1694829331270,1.188,0.0,0,0,COMMIT,393266,1694829331268.812
759,1694829385996,1.226,0.0,0,0,COMMIT,393270,1694829385994.774
760,1694829420492,1.19,0.0,0,0,COMMIT,393272,1694829420490.81
761,1694829441953,1.101,0.0,0,0,COMMIT,393264,1694829441951.899
762,1694828537261,1.054,0.0,0,0,COMMIT,393276,1694828537259.946
766,1694828648553,1.033,0.0,0,0,COMMIT,393273,1694828648551.967
768,1694828658616,1.032,0.0,0,0,COMMIT,393280,1694828658614.968
769,1694828713736,1.036,0.0,0,0,COMMIT,393265,1694828713734.964
770,1694828724682,1.018,0.0,0,0,COMMIT,393287,1694828724680.982
771,1694828763401,1.423,0.093,1,412,"SELECT COUNT(DISTINCT(OL_I_ID)) FROM order_line, stock\
            WHERE OL_W_ID = 1\
              AND OL_D_ID = 1\
              AND OL_O_ID < 20280\
              AND OL_O_ID >= 20260\
              AND S_W_ID = 1\
              AND S_I_ID = OL_I_ID\
              AND S_QUANTITY < 16",393289,1694828763399.577
772,1694828764056,1.101,0.0,0,0,COMMIT,393271,1694828764054.899
773,1694828798489,1.011,0.0,0,0,COMMIT,393254,1694828798487.989
774,1694828830808,1.042,0.0,0,0,COMMIT,393292,1694828830806.958
775,1694829063921,1.115,0.0,0,0,COMMIT,393282,1694829063919.885
776,1694829216521,1.173,0.0,0,0,COMMIT,393286,1694829216519.827
777,1694828588164,1.056,0.0,0,0,COMMIT,393299,1694828588162.944
778,1694828625932,1.014,0.0,0,0,COMMIT,393301,1694828625930.986
780,1694828639235,1.484,0.0,0,0,COMMIT,393294,1694828639233.516
784,1694828742484,1.021,0.0,0,0,COMMIT,393296,1694828742482.979
785,1694828849727,1.224,0.0,0,0,COMMIT,393310,1694828849725.776
786,1694828920470,1.113,0.0,0,0,ROLLBACK,393317,1694828920468.887
787,1694828926874,1.046,0.0,0,0,ROLLBACK,393320,1694828926872.954
788,1694829008973,1.039,0.0,0,0,ROLLBACK,393330,1694829008971.961
789,1694829081223,1.275,0.0,0,0,COMMIT,393305,1694829081221.725
790,1694829093718,1.112,0.0,0,0,COMMIT,393309,1694829093716.888
791,1694829098081,1.078,0.078,1,364,"SELECT COUNT(DISTINCT(OL_I_ID)) FROM order_line, stock\
            WHERE OL_W_ID = 3\
              AND OL_D_ID = 2\
              AND OL_O_ID < 20203\
              AND OL_O_ID >= 20183\
              AND S_W_ID = 3\
              AND S_I_ID = OL_I_ID\
              AND S_QUANTITY < 10",393346,1694829098079.922
792,1694829307521,1.017,0.0,0,0,COMMIT,393319,1694829307519.983
793,1694829345648,1.084,0.0,0,0,COMMIT,393344,1694829345646.916
794,1694828534352,1.138,0.0,0,0,COMMIT,393343,1694828534350.862
798,1694828635145,1.183,0.0,0,0,COMMIT,393366,1694828635143.817
800,1694828689473,1.138,0.0,0,0,COMMIT,393370,1694828689471.862
801,1694828724668,1.114,0.0,0,0,COMMIT,393340,1694828724666.886
802,1694828777847,1.336,0.0,0,0,COMMIT,393335,1694828777845.664
803,1694828779030,2.037,0.096,1,368,"SELECT COUNT(DISTINCT(OL_I_ID)) FROM order_line, stock\
            WHERE OL_W_ID = 2\
              AND OL_D_ID = 1\
              AND OL_O_ID < 20401\
              AND OL_O_ID >= 20381\
              AND S_W_ID = 2\
              AND S_I_ID = OL_I_ID\
              AND S_QUANTITY < 18",393375,1694828779027.963
804,1694828801600,1.145,0.0,0,0,COMMIT,393352,1694828801598.855
805,1694828944576,1.119,0.0,0,0,ROLLBACK,393363,1694828944574.881
806,1694828975682,1.033,0.0,0,0,COMMIT,393365,1694828975680.967
807,1694829077889,1.378,0.095,1,404,"SELECT COUNT(DISTINCT(OL_I_ID)) FROM order_line, stock\
            WHERE OL_W_ID = 2\
              AND OL_D_ID = 8\
              AND OL_O_ID < 20456\
              AND OL_O_ID >= 20436\
              AND S_W_ID = 2\
              AND S_I_ID = OL_I_ID\
              AND S_QUANTITY < 17",393386,1694829077887.622
808,1694829086920,1.306,0.0,0,0,COMMIT,393384,1694829086918.694
809,1694829277814,1.077,0.0,0,0,COMMIT,393382,1694829277812.923
810,1694829293309,1.032,0.0,0,0,COMMIT,393393,1694829293307.968
811,1694829403748,1.426,0.089,1,426,"SELECT COUNT(DISTINCT(OL_I_ID)) FROM order_line, stock\
            WHERE OL_W_ID = 2\
              AND OL_D_ID = 9\
              AND OL_O_ID < 20426\
              AND OL_O_ID >= 20406\
              AND S_W_ID = 2\
              AND S_I_ID = OL_I_ID\
              AND S_QUANTITY < 12",393401,1694829403746.574
812,1694829408057,1.004,0.0,0,0,COMMIT,393399,1694829408055.996
813,1694829420512,1.015,0.0,0,0,COMMIT,393367,1694829420510.985
814,1694828526537,1.076,0.0,0,0,COMMIT,393349,1694828526535.924
815,1694828527380,1.796,0.0,0,0,COMMIT,393357,1694828527378.204
820,1694828688776,1.342,0.0,0,0,COMMIT,393354,1694828688774.658
821,1694828784632,1.505,0.08,1,406,"SELECT COUNT(DISTINCT(OL_I_ID)) FROM order_line, stock\
            WHERE OL_W_ID = 2\
              AND OL_D_ID = 2\
              AND OL_O_ID < 20555\
              AND OL_O_ID >= 20535\
              AND S_W_ID = 2\
              AND S_I_ID = OL_I_ID\
              AND S_QUANTITY < 15",393416,1694828784630.495
822,1694828841641,1.025,0.0,0,0,COMMIT,393417,1694828841639.975
823,1694828981473,1.006,0.0,0,0,COMMIT,393420,1694828981471.994
824,1694829087198,1.098,0.0,0,0,COMMIT,393429,1694829087196.902
825,1694829286945,1.036,0.0,0,0,COMMIT,393428,1694829286943.964
826,1694829403639,1.018,0.0,0,0,COMMIT,393438,1694829403637.982
827,1694828486203,1.199,0.0,0,0,COMMIT,393430,1694828486201.801
832,1694828657487,1.219,0.0,0,0,COMMIT,393451,1694828657485.781
833,1694828872061,1.123,0.0,0,0,COMMIT,393462,1694828872059.877
834,1694829130941,1.089,0.0,0,0,COMMIT,393457,1694829130939.911
835,1694829201320,1.123,0.0,0,0,COMMIT,393477,1694829201318.877
836,1694829254246,1.129,0.0,0,0,COMMIT,393463,1694829254244.871
837,1694829349850,1.139,0.0,0,0,COMMIT,393456,1694829349848.861
838,1694829425962,1.088,0.0,0,0,COMMIT,393471,1694829425960.912
839,1694828626455,1.111,0.0,0,0,COMMIT,393495,1694828626453.889
840,1694828634437,1.437,0.0,0,0,COMMIT,393412,1694828634435.563
841,1694828639743,2.43,0.0,0,0,Quit,393412,1694828639740.57
846,1694828671744,1.536,0.077,1,462,"SELECT COUNT(DISTINCT(OL_I_ID)) FROM order_line, stock\
            WHERE OL_W_ID = 2\
              AND OL_D_ID = 5\
              AND OL_O_ID < 20380\
              AND OL_O_ID >= 20360\
              AND S_W_ID = 2\
              AND S_I_ID = OL_I_ID\
              AND S_QUANTITY < 14",393498,1694828671742.464
848,1694828706495,6.01,0.0,0,0,COMMIT,393499,1694828706488.99
849,1694829023210,1.03,0.0,0,0,COMMIT,393483,1694829023208.97
850,1694829112886,1.02,0.0,0,0,COMMIT,393504,1694829112884.98
851,1694829139356,1.212,0.0,0,0,COMMIT,393453,1694829139354.788
852,1694829302581,1.218,0.0,0,0,COMMIT,393490,1694829302579.782
853,1694829325731,1.178,0.0,0,0,COMMIT,393507,1694829325729.822
854,1694829425603,1.275,0.0,0,0,COMMIT,393516,1694829425601.725
855,1694829455378,1.031,0.0,0,0,COMMIT,393478,1694829455376.969
856,1694828597086,1.176,0.0,0,0,COMMIT,393517,1694828597084.824
858,1694828658693,1.432,0.058,1,1,"SELECT S_QUANTITY, S_DATA, S_YTD, S_ORDER_CNT, S_REMOTE_CNT, S_DIST_06 FROM stock WHERE S_I_ID = 72212 AND S_W_ID = 2",393539,1694828658691.568
860,1694828680538,1.372,0.0,0,0,COMMIT,393522,1694828680536.628
862,1694828686698,1.024,0.0,0,0,COMMIT,393523,1694828686696.976
863,1694828825197,1.118,0.0,0,0,COMMIT,393550,1694828825195.882
864,1694828892475,1.107,0.0,0,0,COMMIT,393487,1694828892473.893
865,1694829098187,1.053,0.0,0,0,COMMIT,393556,1694829098185.947
866,1694829162787,1.089,0.0,0,0,ROLLBACK,393544,1694829162785.911
867,1694829278914,1.076,0.0,0,0,COMMIT,393566,1694829278912.924
868,1694829424570,1.143,0.0,0,0,COMMIT,393559,1694829424568.857
869,1694828482496,1.129,0.0,0,0,COMMIT,393553,1694828482494.871
870,1694828548786,1.093,0.0,0,0,COMMIT,393578,1694828548784.907
871,1694828597850,1.337,0.0,0,0,COMMIT,393538,1694828597848.663
872,1694828676336,1.289,0.0,0,0,COMMIT,393551,1694828676334.711
873,1694828737473,1.348,0.0,0,0,COMMIT,393560,1694828737471.652
874,1694828738294,1.507,0.0,0,0,COMMIT,393573,1694828738292.493
876,1694828847954,2.105,0.0,0,0,COMMIT,393583,1694828847951.895
877,1694828849749,2.73,0.0,0,0,COMMIT,393590,1694828849746.27
880,1694828882051,2.521,0.0,0,0,COMMIT,393581,1694828882048.479
881,1694828891122,1.169,0.096,1,418,"SELECT COUNT(DISTINCT(OL_I_ID)) FROM order_line, stock\
            WHERE OL_W_ID = 1\
              AND OL_D_ID = 3\
              AND OL_O_ID < 20297\
              AND OL_O_ID >= 20277\
              AND S_W_ID = 1\
              AND S_I_ID = OL_I_ID\
              AND S_QUANTITY < 17",393597,1694828891120.831
883,1694828938225,1.073,0.0,0,0,COMMIT,393595,1694828938223.927
884,1694828949894,1.409,0.113,1,424,"SELECT COUNT(DISTINCT(OL_I_ID)) FROM order_line, stock\
            WHERE OL_W_ID = 4\
              AND OL_D_ID = 2\
              AND OL_O_ID < 20325\
              AND OL_O_ID >= 20305\
              AND S_W_ID = 4\
              AND S_I_ID = OL_I_ID\
              AND S_QUANTITY < 12",393599,1694828949892.591
885,1694829038622,1.011,0.0,0,0,COMMIT,393601,1694829038620.989
886,1694829093614,1.058,0.0,0,0,COMMIT,393580,1694829093612.942
887,1694829304533,1.197,0.0,0,0,COMMIT,393565,1694829304531.803
888,1694829335333,1.005,0.0,0,0,COMMIT,393584,1694829335331.995
889,1694829392370,1.067,0.0,0,0,COMMIT,393591,1694829392368.933
890,1694828516699,1.011,0.0,0,0,COMMIT,393593,1694828516697.989
891,1694828538459,1.064,0.0,0,0,COMMIT,393621,1694828538457.936
892,1694828548697,1.183,0.0,0,0,COMMIT,393521,1694828548695.817
897,1694828793220,1.265,0.0,0,0,COMMIT,393592,1694828793218.735
898,1694828807358,1.285,0.0,0,0,COMMIT,393623,1694828807356.715
899,1694828808240,2.038,0.0,0,0,COMMIT,393616,1694828808237.962
900,1694828833024,1.435,0.085,1,408,"SELECT COUNT(DISTINCT(OL_I_ID)) FROM order_line, stock\
            WHERE OL_W_ID = 2\
              AND OL_D_ID = 4\
              AND OL_O_ID < 20366\
              AND OL_O_ID >= 20346\
              AND S_W_ID = 2\
              AND S_I_ID = OL_I_ID\
              AND S_QUANTITY < 19",393634,1694828833022.565
901,1694828839365,1.161,0.0,0,0,COMMIT,393620,1694828839363.839
902,1694829003876,1.034,0.0,0,0,COMMIT,393637,1694829003874.966
903,1694829029071,1.185,0.0,0,0,COMMIT,393602,1694829029069.815
904,1694829058897,1.31,0.09,1,430,"SELECT COUNT(DISTINCT(OL_I_ID)) FROM order_line, stock\
            WHERE OL_W_ID = 3\
              AND OL_D_ID = 5\
              AND OL_O_ID < 20236\
              AND OL_O_ID >= 20216\
              AND S_W_ID = 3\
              AND S_I_ID = OL_I_ID\
              AND S_QUANTITY < 20",393646,1694829058895.69
905,1694829135253,1.186,0.064,1,1,"SELECT S_QUANTITY, S_DATA, S_YTD, S_ORDER_CNT, S_REMOTE_CNT, S_DIST_03 FROM stock WHERE S_I_ID = 44052 AND S_W_ID = 2",393648,1694829135251.814
906,1694829186366,1.411,0.116,1,416,"SELECT COUNT(DISTINCT(OL_I_ID)) FROM order_line, stock\
            WHERE OL_W_ID = 4\
              AND OL_D_ID = 10\
              AND OL_O_ID < 20152\
              AND OL_O_ID >= 20132\
              AND S_W_ID = 4\
              AND S_I_ID = OL_I_ID\
              AND S_QUANTITY < 14",393653,1694829186364.589
907,1694829188516,1.088,0.0,0,0,COMMIT,393648,1694829188514.912
908,1694829304539,1.091,0.0,0,0,COMMIT,393628,1694829304537.909
909,1694829377501,1.071,0.0,0,0,COMMIT,393660,1694829377499.929
910,1694829427115,1.035,0.0,0,0,COMMIT,393586,1694829427113.965
911,1694829467765,1.106,0.0,0,0,COMMIT,393600,1694829467763.894
912,1694828498252,1.913,0.0,0,0,COMMIT,393656,1694828498250.087
913,1694828545892,1.563,0.086,1,418,"SELECT COUNT(DISTINCT(OL_I_ID)) FROM order_line, stock\
            WHERE OL_W_ID = 3\
              AND OL_D_ID = 1\
              AND OL_O_ID < 20448\
              AND OL_O_ID >= 20428\
              AND S_W_ID = 3\
              AND S_I_ID = OL_I_ID\
              AND S_QUANTITY < 15",393667,1694828545890.437
918,1694828661491,1.556,0.0,0,0,ROLLBACK,393624,1694828661489.444
919,1694828682425,1.007,0.0,0,0,COMMIT,393619,1694828682423.993
920,1694828748188,1.841,0.123,1,416,"SELECT COUNT(DISTINCT(OL_I_ID)) FROM order_line, stock\
            WHERE OL_W_ID = 2\
              AND OL_D_ID = 3\
              AND OL_O_ID < 20595\
              AND OL_O_ID >= 20575\
              AND S_W_ID = 2\
              AND S_I_ID = OL_I_ID\
              AND S_QUANTITY < 19",393675,1694828748186.159
921,1694828793962,1.013,0.0,0,0,COMMIT,393668,1694828793960.987
922,1694828903324,1.154,0.0,0,0,COMMIT,393645,1694828903322.846
923,1694828970938,1.033,0.0,0,0,COMMIT,393609,1694828970936.967
924,1694828998497,1.711,0.0,0,0,COMMIT,393631,1694828998495.289
925,1694829189255,1.005,0.0,0,0,COMMIT,393691,1694829189253.995
926,1694829431858,1.224,0.0,0,0,COMMIT,393664,1694829431856.776
931,1694828685523,1.057,0.0,0,0,COMMIT,393687,1694828685521.943
932,1694828812744,1.132,0.0,0,0,COMMIT,393696,1694828812742.868
933,1694828822686,1.141,0.0,0,0,COMMIT,393717,1694828822684.859
934,1694829047746,1.008,0.0,0,0,COMMIT,393722,1694829047744.992
935,1694829211342,1.106,0.0,0,0,COMMIT,393705,1694829211340.894
936,1694829306900,1.211,0.0,0,0,COMMIT,393742,1694829306898.789
937,1694829392967,1.16,0.0,0,0,COMMIT,393723,1694829392965.84
938,1694829445953,1.179,0.082,1,400,"SELECT COUNT(DISTINCT(OL_I_ID)) FROM order_line, stock\
            WHERE OL_W_ID = 2\
              AND OL_D_ID = 9\
              AND OL_O_ID < 20429\
              AND OL_O_ID >= 20409\
              AND S_W_ID = 2\
              AND S_I_ID = OL_I_ID\
              AND S_QUANTITY < 19",393751,1694829445951.821
939,1694828520995,1.731,0.081,1,460,"SELECT COUNT(DISTINCT(OL_I_ID)) FROM order_line, stock\
            WHERE OL_W_ID = 1\
              AND OL_D_ID = 6\
              AND OL_O_ID < 20267\
              AND OL_O_ID >= 20247\
              AND S_W_ID = 1\
              AND S_I_ID = OL_I_ID\
              AND S_QUANTITY < 16",393754,1694828520993.269
944,1694828756015,1.006,0.0,0,0,COMMIT,393724,1694828756013.994
945,1694828778524,1.1,0.0,0,0,COMMIT,393746,1694828778522.9
946,1694828779282,1.03,0.0,0,0,COMMIT,393734,1694828779280.97
947,1694829365517,1.12,0.0,0,0,COMMIT,393760,1694829365515.88
948,1694829429007,1.035,0.0,0,0,COMMIT,393732,1694829429005.965
949,1694828622843,1.141,0.0,0,0,COMMIT,393768,1694828622841.859
953,1694828662313,1.317,0.0,0,0,COMMIT,393784,1694828662311.683
955,1694828992837,1.004,0.087,1,412,"SELECT COUNT(DISTINCT(OL_I_ID)) FROM order_line, stock\
            WHERE OL_W_ID = 4\
              AND OL_D_ID = 5\
              AND OL_O_ID < 20433\
              AND OL_O_ID >= 20413\
              AND S_W_ID = 4\
              AND S_I_ID = OL_I_ID\
              AND S_QUANTITY < 17",393813,1694828992835.996
956,1694829093297,1.148,0.0,0,0,COMMIT,393787,1694829093295.852
957,1694829322941,1.224,0.0,0,0,COMMIT,393774,1694829322939.776
958,1694829378280,1.233,0.0,0,0,COMMIT,393789,1694829378278.767
959,1694828510585,1.174,0.0,0,0,COMMIT,393772,1694828510583.826
960,1694828550697,1.056,0.0,0,0,COMMIT,393834,1694828550695.944
965,1694828835414,1.061,0.0,0,0,ROLLBACK,393803,1694828835412.939
966,1694828958158,1.19,0.0,0,0,COMMIT,393814,1694828958156.81
967,1694829079075,1.023,0.0,0,0,COMMIT,393812,1694829079073.977
968,1694829180815,1.042,0.0,0,0,COMMIT,393850,1694829180813.958
969,1694829349059,1.01,0.0,0,0,COMMIT,393860,1694829349057.99
970,1694829361482,1.407,0.0,0,0,COMMIT,393844,1694829361480.593
971,1694828519936,1.058,0.0,0,0,COMMIT,393854,1694828519934.942
972,1694828594197,1.007,0.0,0,0,COMMIT,393880,1694828594195.993
976,1694828704236,1.181,0.0,0,0,COMMIT,393862,1694828704234.819
977,1694828800650,1.34,0.0,0,0,COMMIT,393836,1694828800648.66
978,1694828910277,1.051,0.0,0,0,COMMIT,393861,1694828910275.949
979,1694829017611,3.493,0.0,0,0,COMMIT,393855,1694829017607.507
980,1694829125656,1.251,0.0,0,0,COMMIT,393883,1694829125654.749
981,1694829145413,1.088,0.0,0,0,COMMIT,393853,1694829145411.912
982,1694829291691,1.157,0.0,0,0,COMMIT,393845,1694829291689.843
983,1694829387984,1.051,0.0,0,0,COMMIT,393906,1694829387982.949
984,1694829411494,1.008,0.0,0,0,COMMIT,393878,1694829411492.992
985,1694828601388,1.037,0.0,0,0,COMMIT,393898,1694828601386.963
987,1694828668368,1.021,0.0,0,0,COMMIT,393867,1694828668366.979
988,1694828669153,1.667,0.0,0,0,COMMIT,393893,1694828669151.333
991,1694828717692,1.36,0.084,1,452,"SELECT COUNT(DISTINCT(OL_I_ID)) FROM order_line, stock\
            WHERE OL_W_ID = 4\
              AND OL_D_ID = 3\
              AND OL_O_ID < 20204\
              AND OL_O_ID >= 20184\
              AND S_W_ID = 4\
              AND S_I_ID = OL_I_ID\
              AND S_QUANTITY < 10",393934,1694828717690.64
992,1694828793243,1.289,0.0,0,0,ROLLBACK,393864,1694828793241.711
993,1694828794006,1.035,0.0,0,0,ROLLBACK,393915,1694828794004.965
994,1694828914543,1.02,0.0,0,0,COMMIT,393865,1694828914541.98
995,1694829078157,1.011,0.0,0,0,COMMIT,393909,1694829078155.989
996,1694829142330,1.437,0.0,0,0,COMMIT,393879,1694829142328.563
997,1694828619609,1.117,0.0,0,0,COMMIT,393956,1694828619607.883
1002,1694828693985,1.048,0.0,0,0,COMMIT,393910,1694828693983.952
1003,1694828838219,1.074,0.0,0,0,COMMIT,393930,1694828838217.926
1004,1694828850990,1.006,0.0,0,0,COMMIT,393921,1694828850988.994
1005,1694828940030,1.253,0.0,0,0,COMMIT,393959,1694828940028.747
1006,1694829211642,1.017,0.071,1,386,"SELECT COUNT(DISTINCT(OL_I_ID)) FROM order_line, stock\
            WHERE OL_W_ID = 3\
              AND OL_D_ID = 8\
              AND OL_O_ID < 20283\
              AND OL_O_ID >= 20263\
              AND S_W_ID = 3\
              AND S_I_ID = OL_I_ID\
              AND S_QUANTITY < 20",394001,1694829211640.983
1007,1694829290599,1.086,0.0,0,0,ROLLBACK,393978,1694829290597.914
1008,1694829353229,1.022,0.056,0,0,"INSERT INTO history VALUES (893, 10, 4, 10, 4, '2023-09-16 09:41:27.600905', 4321.23e0, 'XmJEHN    Z0oGnv')",394005,1694829353227.978
1009,1694828539358,1.026,0.0,0,0,COMMIT,394025,1694828539356.974
1010,1694828603816,1.009,0.0,0,0,COMMIT,393936,1694828603814.991
1011,1694828622383,1.05,0.0,0,0,COMMIT,393985,1694828622381.95
1015,1694828696298,1.053,0.0,0,0,COMMIT,393997,1694828696296.947
1016,1694829141076,97.834,0.058,1,1,"SELECT C_DISCOUNT, C_LAST, C_CREDIT FROM customer WHERE C_W_ID = 3 AND C_D_ID = 4 AND C_ID = 535",394047,1694829140978.166
1017,1694829141753,9.158,0.073,1,1,"SELECT I_PRICE, I_NAME, I_DATA FROM item WHERE I_ID = 25173",394056,1694829141743.842
1018,1694829141868,485.327,0.065,1,1,"SELECT S_QUANTITY, S_DATA, S_YTD, S_ORDER_CNT, S_REMOTE_CNT, S_DIST_05 FROM stock WHERE S_I_ID = 48660 AND S_W_ID = 4",393996,1694829141382.673
1019,1694829142412,57.671,0.088,1,1,"SELECT C_ID, C_FIRST, C_MIDDLE, C_LAST, C_STREET_1, C_STREET_2, C_CITY, C_STATE, C_ZIP, C_PHONE, C_SINCE, C_CREDIT, C_CREDIT_LIM, C_DISCOUNT, C_BALANCE, C_YTD_PAYMENT, C_PAYMENT_CNT, C_DATA FROM customer WHERE C_W_ID = 2 AND C_D_ID = 10 AND C_ID = 1111",394052,1694829142354.329
1020,1694829142973,655.588,0.078,0,1,"UPDATE customer SET C_BALANCE = -8230.82e0, C_YTD_PAYMENT = 31815.86e0, C_PAYMENT_CNT = 14, C_DATA = '346 1 2 6 1 424.84|346 6 1 6 1 1830.99|346 6 1 6 1 3318.57|346 6 1 6 1 4539.21|346 6 1 6 1 4580.45|346 6 1 6 1 4777.98|346 6 1 6 1 856.86|346 6 1 6 1 4351.61|346 6 1 6 4 4574.7|346 6 4 6 4 2593.75|TcPyerBDwBpA0458jh2v4Rm2uTLPvxPMZmIEeUPafEidGojyTltXCgX69rT3otPMfgaJAxunCcOQO7OrrIM3ws85jZ6XSUr6APPINH3XsRxEWK4LcONYGVbz4gVVAMbIk0a7Gde82ZKWtOsTnFz3iZ1kFUFNoqfYpFf3qHBspTMgsE8fR7g9efsr77EwwrUj68muNvkAO7rGJztl4YshDkYLqlFmchVhpHbBCMLYRApk7iTCEMrS4Plu80elh9SVO1gYNz7oAwXHc0RrMIHPg2Jo0wXf5zAS1o0Mo79w1gBcgbR' WHERE C_W_ID = 2 AND C_D_ID = 1 AND C_ID = 346",393918,1694829142317.412
1021,1694829143400,612.481,0.075,1,1,"SELECT S_QUANTITY, S_DATA, S_YTD, S_ORDER_CNT, S_REMOTE_CNT, S_DIST_07 FROM stock WHERE S_I_ID = 56908 AND S_W_ID = 3",393911,1694829142787.519
1022,1694829143528,246.229,0.054,1,1,"SELECT I_PRICE, I_NAME, I_DATA FROM item WHERE I_ID = 65868",394042,1694829143281.771
1023,1694829143729,484.89,0.098,1,1,"SELECT C_ID, C_FIRST, C_MIDDLE, C_LAST, C_STREET_1, C_STREET_2, C_CITY, C_STATE, C_ZIP, C_PHONE, C_SINCE, C_CREDIT, C_CREDIT_LIM, C_DISCOUNT, C_BALANCE, C_YTD_PAYMENT, C_PAYMENT_CNT, C_DATA FROM customer WHERE C_W_ID = 4 AND C_D_ID = 8 AND C_LAST = 'PRIANTIABLE' ORDER BY C_FIRST",394033,1694829143244.11
1024,1694829144018,497.289,0.065,1,1,"SELECT C_DISCOUNT, C_LAST, C_CREDIT FROM customer WHERE C_W_ID = 2 AND C_D_ID = 5 AND C_ID = 1497",394031,1694829143520.711
1025,1694829144536,168.629,0.055,1,1,"SELECT C_DISCOUNT, C_LAST, C_CREDIT FROM customer WHERE C_W_ID = 4 AND C_D_ID = 10 AND C_ID = 535",394044,1694829144367.371
1026,1694829144679,414.112,0.099,3,3,"SELECT C_ID, C_FIRST, C_MIDDLE, C_LAST, C_STREET_1, C_STREET_2, C_CITY, C_STATE, C_ZIP, C_PHONE, C_SINCE, C_CREDIT, C_CREDIT_LIM, C_DISCOUNT, C_BALANCE, C_YTD_PAYMENT, C_PAYMENT_CNT, C_DATA FROM customer WHERE C_W_ID = 2 AND C_D_ID = 4 AND C_LAST = 'ANTIESEPRES' ORDER BY C_FIRST",394037,1694829144264.888
1027,1694829144761,535.085,0.062,0,1,"UPDATE stock SET S_QUANTITY = 77, S_YTD = 123, S_ORDER_CNT = 20, S_REMOTE_CNT = 0 WHERE S_I_ID = 65529 AND S_W_ID = 4",394026,1694829144225.915
1028,1694829145107,514.739,0.097,1,1,"SELECT C_ID, C_FIRST, C_MIDDLE, C_LAST, C_STREET_1, C_STREET_2, C_CITY, C_STATE, C_ZIP, C_PHONE, C_SINCE, C_CREDIT, C_CREDIT_LIM, C_DISCOUNT, C_BALANCE, C_YTD_PAYMENT, C_PAYMENT_CNT, C_DATA FROM customer WHERE C_W_ID = 2 AND C_D_ID = 8 AND C_ID = 470",394032,1694829144592.261
1029,1694829145553,444.291,0.071,0,1,UPDATE orders SET O_CARRIER_ID = 7 WHERE O_ID = 20288 AND O_D_ID = 1 AND O_W_ID = 3,393999,1694829145108.709
1030,1694829145622,430.429,0.066,0,1,UPDATE orders SET O_CARRIER_ID = 10 WHERE O_ID = 20289 AND O_D_ID = 1 AND O_W_ID = 3,394035,1694829145191.571
1031,1694829146134,99.004,0.08,1,406,"SELECT COUNT(DISTINCT(OL_I_ID)) FROM order_line, stock\
            WHERE OL_W_ID = 1\
              AND OL_D_ID = 9\
              AND OL_O_ID < 20220\
              AND OL_O_ID >= 20200\
              AND S_W_ID = 1\
              AND S_I_ID = OL_I_ID\
              AND S_QUANTITY < 17",394051,1694829146034.996
1032,1694829146203,38.418,0.062,1,1,SELECT O_C_ID FROM orders WHERE O_ID = 20289 AND O_D_ID = 1 AND O_W_ID = 3,394053,1694829146164.582
1033,1694829146255,535.529,0.068,1,1,"SELECT S_QUANTITY, S_DATA, S_YTD, S_ORDER_CNT, S_REMOTE_CNT, S_DIST_02 FROM stock WHERE S_I_ID = 46320 AND S_W_ID = 3",394002,1694829145719.471
1034,1694829146315,256.618,0.056,1,1,"SELECT I_PRICE, I_NAME, I_DATA FROM item WHERE I_ID = 61249",394041,1694829146058.382
1035,1694829146406,612.409,0.069,1,1,"SELECT C_DISCOUNT, C_LAST, C_CREDIT FROM customer WHERE C_W_ID = 4 AND C_D_ID = 8 AND C_ID = 473",394012,1694829145793.591
1037,1694829146692,17.717,0.062,1,1,"SELECT I_PRICE, I_NAME, I_DATA FROM item WHERE I_ID = 20949",394055,1694829146674.283
1038,1694829146774,527.711,0.051,1,1,"SELECT S_QUANTITY, S_DATA, S_YTD, S_ORDER_CNT, S_REMOTE_CNT, S_DIST_08 FROM stock WHERE S_I_ID = 53049 AND S_W_ID = 2",394023,1694829146246.289
1039,1694829147207,693.2,0.093,1,1,"SELECT C_ID, C_FIRST, C_MIDDLE, C_LAST, C_STREET_1, C_STREET_2, C_CITY, C_STATE, C_ZIP, C_PHONE, C_SINCE, C_CREDIT, C_CREDIT_LIM, C_DISCOUNT, C_BALANCE, C_YTD_PAYMENT, C_PAYMENT_CNT, C_DATA FROM customer WHERE C_W_ID = 3 AND C_D_ID = 10 AND C_LAST = 'PRIANTIANTI' ORDER BY C_FIRST",394022,1694829146513.8
1040,1694829147517,366.648,0.121,1,1,"SELECT C_ID, C_FIRST, C_MIDDLE, C_LAST, C_STREET_1, C_STREET_2, C_CITY, C_STATE, C_ZIP, C_PHONE, C_SINCE, C_CREDIT, C_CREDIT_LIM, C_DISCOUNT, C_BALANCE, C_YTD_PAYMENT, C_PAYMENT_CNT, C_DATA FROM customer WHERE C_W_ID = 3 AND C_D_ID = 1 AND C_ID = 1816",394039,1694829147150.352
1041,1694829147913,633.085,0.056,1,1,"SELECT S_QUANTITY, S_DATA, S_YTD, S_ORDER_CNT, S_REMOTE_CNT, S_DIST_06 FROM stock WHERE S_I_ID = 21700 AND S_W_ID = 2",393973,1694829147279.915
1042,1694829148088,423.894,0.076,1,1,"SELECT I_PRICE, I_NAME, I_DATA FROM item WHERE I_ID = 45235",394036,1694829147664.106
1043,1694829148393,646.42,0.064,0,1,UPDATE customer SET C_BALANCE = C_BALANCE + 1479.80 WHERE C_ID = 895 AND C_D_ID = 2 AND C_W_ID = 4,394020,1694829147746.58
1044,1694829148586,736.923,0.067,0,1,"UPDATE stock SET S_QUANTITY = 27, S_YTD = 52, S_ORDER_CNT = 10, S_REMOTE_CNT = 0 WHERE S_I_ID = 55125 AND S_W_ID = 4",393961,1694829147849.077
1045,1694829148643,596.097,0.149,4,4,"SELECT C_ID, C_FIRST, C_MIDDLE, C_LAST, C_STREET_1, C_STREET_2, C_CITY, C_STATE, C_ZIP, C_PHONE, C_SINCE, C_CREDIT, C_CREDIT_LIM, C_DISCOUNT, C_BALANCE, C_YTD_PAYMENT, C_PAYMENT_CNT, C_DATA FROM customer WHERE C_W_ID = 4 AND C_D_ID = 3 AND C_LAST = 'OUGHTPRESEING' ORDER BY C_FIRST",394029,1694829148046.903
1046,1694829148710,725.315,0.051,0,1,"UPDATE stock SET S_QUANTITY = 11, S_YTD = 49, S_ORDER_CNT = 11, S_REMOTE_CNT = 0 WHERE S_I_ID = 32453 AND S_W_ID = 4",393968,1694829147984.685
1047,1694829148736,653.007,0.072,0,1,"UPDATE stock SET S_QUANTITY = 38, S_YTD = 100, S_ORDER_CNT = 17, S_REMOTE_CNT = 0 WHERE S_I_ID = 59985 AND S_W_ID = 2",393979,1694829148082.993
1048,1694829148757,326.138,0.068,1,1,"SELECT I_PRICE, I_NAME, I_DATA FROM item WHERE I_ID = 4673",394040,1694829148430.862
1049,1694829149209,733.017,0.062,1,1,"SELECT S_QUANTITY, S_DATA, S_YTD, S_ORDER_CNT, S_REMOTE_CNT, S_DIST_10 FROM stock WHERE S_I_ID = 60589 AND S_W_ID = 4",393994,1694829148475.983
1050,1694829149681,179.442,0.079,1,1,"SELECT C_ID, C_FIRST, C_MIDDLE, C_LAST, C_BALANCE FROM customer WHERE C_W_ID = 3 AND C_D_ID = 9 AND C_ID = 2392",394045,1694829149501.558
1051,1694829150108,704.393,0.056,0,1,UPDATE customer SET C_BALANCE = C_BALANCE + 1973.47 WHERE C_ID = 420 AND C_D_ID = 8 AND C_W_ID = 2,393977,1694829149403.607
1052,1694829150255,704.896,0.067,1,1,"SELECT S_QUANTITY, S_DATA, S_YTD, S_ORDER_CNT, S_REMOTE_CNT, S_DIST_10 FROM stock WHERE S_I_ID = 38354 AND S_W_ID = 1",393948,1694829149550.104
1054,1694829157077,94.421,0.061,1,1,"SELECT I_PRICE, I_NAME, I_DATA FROM item WHERE I_ID = 7404",394050,1694829156982.579
1055,1694829157897,1.1,0.0,0,0,COMMIT,393918,1694829157895.9
1057,1694829185538,1.048,0.229,0,1,"UPDATE stock SET S_QUANTITY = 44, S_YTD = 60, S_ORDER_CNT = 13, S_REMOTE_CNT = 0 WHERE S_I_ID = 60589 AND S_W_ID = 4",393994,1694829185536.952
1058,1694829193430,1.056,0.0,0,0,Quit,393948,1694829193428.944
1060,1694829284278,1.112,0.0,0,0,ROLLBACK,394038,1694829284276.888
1061,1694829311569,1.031,0.0,0,0,COMMIT,393979,1694829311567.969
1063,1694829317506,2.047,0.0,0,0,Quit,393979,1694829317503.953
1064,1694829331813,1.143,0.0,0,0,ROLLBACK,393970,1694829331811.857
1065,1694829401608,1.034,0.0,0,0,COMMIT,393994,1694829401606.966
1066,1694829409171,1.887,0.0,0,0,ROLLBACK,394044,1694829409169.113
1067,1694828544282,1.3,0.0,0,0,COMMIT,393961,1694828544280.7
1072,1694828710789,1.097,0.0,0,0,COMMIT,394053,1694828710787.903
1073,1694828761591,1.016,0.0,0,0,COMMIT,394071,1694828761589.984
1074,1694828887358,1.131,0.0,0,0,COMMIT,394020,1694828887356.869
1075,1694828911694,1.16,0.0,0,0,COMMIT,394081,1694828911692.84
1076,1694829313557,1.028,0.0,0,0,COMMIT,394097,1694829313555.972
1077,1694829395151,1.039,0.0,0,0,COMMIT,394113,1694829395149.961
1078,1694828564569,1.045,0.0,0,0,COMMIT,394041,1694828564567.955
1081,1694828644055,1.039,0.0,0,0,COMMIT,394124,1694828644053.961
1085,1694828689395,1.777,0.0,0,0,ROLLBACK,394119,1694828689393.223
1086,1694828691708,2.33,0.0,0,0,COMMIT,394126,1694828691705.67
1087,1694828868909,1.05,0.0,0,0,COMMIT,394134,1694828868907.95
1088,1694829034670,1.072,0.0,0,0,COMMIT,394117,1694829034668.928
1089,1694829106657,1.021,0.0,0,0,ROLLBACK,394148,1694829106655.979
1090,1694829202789,1.138,0.104,0,0,"INSERT INTO order_line (OL_O_ID, OL_D_ID, OL_W_ID, OL_NUMBER, OL_I_ID, OL_SUPPLY_W_ID, OL_DELIVERY_D, OL_QUANTITY, OL_AMOUNT, OL_DIST_INFO) VALUES (20284, '08', 3, 10, 98305, 3, '2023-09-16 09:41:29.845309', 5, 323.05, 'xbhab1ra2lMWJSxAVRGeX3tQ')",394115,1694829202787.862
1091,1694829228080,1.083,0.0,0,0,COMMIT,394115,1694829228078.917
1097,1694828978703,1.626,0.082,1,342,"SELECT COUNT(DISTINCT(OL_I_ID)) FROM order_line, stock\
            WHERE OL_W_ID = 3\
              AND OL_D_ID = 9\
              AND OL_O_ID < 20466\
              AND OL_O_ID >= 20446\
              AND S_W_ID = 3\
              AND S_I_ID = OL_I_ID\
              AND S_QUANTITY < 20",394191,1694828978701.374
1098,1694829348086,1.452,0.093,1,356,"SELECT COUNT(DISTINCT(OL_I_ID)) FROM order_line, stock\
            WHERE OL_W_ID = 3\
              AND OL_D_ID = 10\
              AND OL_O_ID < 20462\
              AND OL_O_ID >= 20442\
              AND S_W_ID = 3\
              AND S_I_ID = OL_I_ID\
              AND S_QUANTITY < 19",394206,1694829348084.548
1099,1694828603544,1.937,0.117,1,404,"SELECT COUNT(DISTINCT(OL_I_ID)) FROM order_line, stock\
            WHERE OL_W_ID = 1\
              AND OL_D_ID = 10\
              AND OL_O_ID < 20363\
              AND OL_O_ID >= 20343\
              AND S_W_ID = 1\
              AND S_I_ID = OL_I_ID\
              AND S_QUANTITY < 18",394215,1694828603542.063
1102,1694828640681,1.645,0.081,1,374,"SELECT COUNT(DISTINCT(OL_I_ID)) FROM order_line, stock\
            WHERE OL_W_ID = 1\
              AND OL_D_ID = 8\
              AND OL_O_ID < 20199\
              AND OL_O_ID >= 20179\
              AND S_W_ID = 1\
              AND S_I_ID = OL_I_ID\
              AND S_QUANTITY < 19",394216,1694828640679.355
1112,1694828739246,2.124,0.095,1,448,"SELECT COUNT(DISTINCT(OL_I_ID)) FROM order_line, stock\
            WHERE OL_W_ID = 4\
              AND OL_D_ID = 3\
              AND OL_O_ID < 20206\
              AND OL_O_ID >= 20186\
              AND S_W_ID = 4\
              AND S_I_ID = OL_I_ID\
              AND S_QUANTITY < 16",394260,1694828739243.876
1113,1694829043232,1.5,0.08,1,418,"SELECT COUNT(DISTINCT(OL_I_ID)) FROM order_line, stock\
            WHERE OL_W_ID = 4\
              AND OL_D_ID = 5\
              AND OL_O_ID < 20438\
              AND OL_O_ID >= 20418\
              AND S_W_ID = 4\
              AND S_I_ID = OL_I_ID\
              AND S_QUANTITY < 20",394271,1694829043230.5
1114,1694829353594,1.721,0.088,1,376,"SELECT COUNT(DISTINCT(OL_I_ID)) FROM order_line, stock\
            WHERE OL_W_ID = 4\
              AND OL_D_ID = 1\
              AND OL_O_ID < 20286\
              AND OL_O_ID >= 20266\
              AND S_W_ID = 4\
              AND S_I_ID = OL_I_ID\
              AND S_QUANTITY < 11",394284,1694829353592.279
1148,1694829410314,8.791,0.0,0,0,ROLLBACK,394011,1694829410305.209
1149,1694829411075,8.171,0.0,0,0,ROLLBACK,394017,1694829411066.829
1150,1694829413227,9.353,0.0,0,0,ROLLBACK,394004,1694829413217.647
1151,1694828551719,14.726,0.13,1,1,"SELECT O_ID, O_CARRIER_ID, O_ENTRY_D FROM orders WHERE O_W_ID = 3 AND O_D_ID = 6 AND O_C_ID = 906 ORDER BY O_ID DESC LIMIT 1",394502,1694828551704.274
1158,1694829415980,9.839,0.0,0,0,ROLLBACK,394046,1694829415970.161
1159,1694829416997,8.745,0.0,0,0,ROLLBACK,393923,1694829416988.255
1160,1694829417054,10.032,0.0,0,0,ROLLBACK,394068,1694829417043.968
1161,1694829417100,10.287,0.0,0,0,ROLLBACK,394062,1694829417089.713
1162,1694829418080,1.484,0.0,0,0,ROLLBACK,393960,1694829418078.516
1163,1694829418219,1.606,0.0,0,0,ROLLBACK,394050,1694829418217.394
1164,1694829419279,2.046,0.0,0,0,ROLLBACK,394049,1694829419276.954
1165,1694829480243,8.74,0.091,1,450,"SELECT COUNT(DISTINCT(OL_I_ID)) FROM order_line, stock\
            WHERE OL_W_ID = 2\
              AND OL_D_ID = 10\
              AND OL_O_ID < 20231\
              AND OL_O_ID >= 20211\
              AND S_W_ID = 2\
              AND S_I_ID = OL_I_ID\
              AND S_QUANTITY < 13",394541,1694829480234.26
1169,1694828668456,4.554,0.082,1,1,"SELECT O_ID, O_CARRIER_ID, O_ENTRY_D FROM orders WHERE O_W_ID = 1 AND O_D_ID = 4 AND O_C_ID = 2445 ORDER BY O_ID DESC LIMIT 1",394548,1694828668451.446
1173,1694828987559,12.095,0.109,1,452,"SELECT COUNT(DISTINCT(OL_I_ID)) FROM order_line, stock\
            WHERE OL_W_ID = 4\
              AND OL_D_ID = 9\
              AND OL_O_ID < 20328\
              AND OL_O_ID >= 20308\
              AND S_W_ID = 4\
              AND S_I_ID = OL_I_ID\
              AND S_QUANTITY < 16",394560,1694828987546.905
1174,1694829112074,3.153,0.102,1,426,"SELECT COUNT(DISTINCT(OL_I_ID)) FROM order_line, stock\
            WHERE OL_W_ID = 1\
              AND OL_D_ID = 4\
              AND OL_O_ID < 20559\
              AND OL_O_ID >= 20539\
              AND S_W_ID = 1\
              AND S_I_ID = OL_I_ID\
              AND S_QUANTITY < 18",394565,1694829112070.847
1175,1694829417803,10.287,0.0,0,0,ROLLBACK,394078,1694829417792.713
1176,1694829418761,10.036,0.0,0,0,ROLLBACK,394003,1694829418750.964
1177,1694829418842,9.958,0.0,0,0,ROLLBACK,394131,1694829418832.042
1178,1694829428330,1.082,0.0,0,0,ROLLBACK,394033,1694829428328.918
1179,1694829429902,1.21,0.0,0,0,ROLLBACK,394056,1694829429900.79
1180,1694829430742,1.873,0.0,0,0,ROLLBACK,394142,1694829430740.127
1187,1694829404411,1.093,11029.147,0,0,"INSERT INTO orders (O_ID, O_D_ID, O_W_ID, O_C_ID, O_ENTRY_D, O_CARRIER_ID, O_OL_CNT, O_ALL_LOCAL) VALUES (20390, 6, 2, 1047, '2023-09-16 09:41:30.809712', 0, 15, 1)",394155,1694829404409.907
1188,1694829419265,10.382,0.0,0,0,ROLLBACK,394171,1694829419254.618
1189,1694829424585,21.013,10853.523,0,0,"INSERT INTO orders (O_ID, O_D_ID, O_W_ID, O_C_ID, O_ENTRY_D, O_CARRIER_ID, O_OL_CNT, O_ALL_LOCAL) VALUES (20248, 6, 4, 17, '2023-09-16 09:41:30.991008', 0, 12, 1)",394165,1694829424563.987
1190,1694829424763,8.73,0.0,0,0,ROLLBACK,394176,1694829424754.27
1191,1694829424770,8.774,0.0,0,0,ROLLBACK,394179,1694829424761.226
1192,1694829424773,12.156,0.0,0,0,ROLLBACK,394188,1694829424760.844
1193,1694829424793,8.923,0.0,0,0,ROLLBACK,394182,1694829424784.077
1194,1694829424810,8.021,0.0,0,0,ROLLBACK,394157,1694829424801.979
1195,1694829424812,7.217,0.0,0,0,ROLLBACK,394177,1694829424804.783
1196,1694829424832,10.277,0.0,0,0,ROLLBACK,394144,1694829424821.723
1197,1694829424848,8.839,0.0,0,0,ROLLBACK,394190,1694829424839.161
1198,1694829424827,9.791,0.0,0,0,ROLLBACK,394161,1694829424817.209
1199,1694829424880,9.18,0.0,0,0,ROLLBACK,394143,1694829424870.82
1200,1694829424890,15.746,0.0,0,0,ROLLBACK,394149,1694829424874.254
1201,1694829424950,8.879,0.0,0,0,ROLLBACK,394150,1694829424941.121
1202,1694829425039,8.361,0.0,0,0,ROLLBACK,394155,1694829425030.639
1203,1694829428605,1.116,0.0,0,0,ROLLBACK,394165,1694829428603.884
1210,1694829375429,1.663,0.092,1,354,"SELECT COUNT(DISTINCT(OL_I_ID)) FROM order_line, stock\
            WHERE OL_W_ID = 4\
              AND OL_D_ID = 7\
              AND OL_O_ID < 20595\
              AND OL_O_ID >= 20575\
              AND S_W_ID = 4\
              AND S_I_ID = OL_I_ID\
              AND S_QUANTITY < 12",394656,1694829375427.337
1211,1694829425758,15.721,0.0,0,0,ROLLBACK,394198,1694829425742.279
1212,1694829431120,19.71,0.0,0,0,ROLLBACK,394207,1694829431100.29
1213,1694829431135,18.935,0.0,0,0,ROLLBACK,394226,1694829431116.065
1221,1694828839021,14.183,0.104,1,368,"SELECT COUNT(DISTINCT(OL_I_ID)) FROM order_line, stock\
            WHERE OL_W_ID = 4\
              AND OL_D_ID = 4\
              AND OL_O_ID < 20172\
              AND OL_O_ID >= 20152\
              AND S_W_ID = 4\
              AND S_I_ID = OL_I_ID\
              AND S_QUANTITY < 17",394676,1694828839006.817
1222,1694828947291,2.994,0.072,1,430,"SELECT COUNT(DISTINCT(OL_I_ID)) FROM order_line, stock\
            WHERE OL_W_ID = 3\
              AND OL_D_ID = 7\
              AND OL_O_ID < 20164\
              AND OL_O_ID >= 20144\
              AND S_W_ID = 3\
              AND S_I_ID = OL_I_ID\
              AND S_QUANTITY < 17",394682,1694828947288.006
1223,1694829419025,1.96,0.0,0,0,Quit,394269,1694829419023.04
1224,1694829419042,1.856,0.0,0,0,Quit,394262,1694829419040.144
1225,1694829419077,1.761,0.0,0,0,Quit,394263,1694829419075.239
1226,1694829419161,1.645,0.0,0,0,Quit,394241,1694829419159.355
1227,1694829419225,1.006,0.0,0,0,Quit,394242,1694829419223.994
1228,1694829421686,7.737,0.0,0,0,ROLLBACK,394261,1694829421678.263
1229,1694829438125,16.446,0.0,0,0,ROLLBACK,394246,1694829438108.554
1230,1694829442498,18.539,0.0,0,0,ROLLBACK,394238,1694829442479.461
1231,1694829442500,18.318,0.0,0,0,ROLLBACK,394264,1694829442481.682
1232,1694828542650,10.295,0.088,1,1,"SELECT C_ID, C_FIRST, C_MIDDLE, C_LAST, C_STREET_1, C_STREET_2, C_CITY, C_STATE, C_ZIP, C_PHONE, C_SINCE, C_CREDIT, C_CREDIT_LIM, C_DISCOUNT, C_BALANCE, C_YTD_PAYMENT, C_PAYMENT_CNT, C_DATA FROM customer WHERE C_W_ID = 4 AND C_D_ID = 7 AND C_LAST = 'ABLEATIONPRI' ORDER BY C_FIRST",394709,1694828542639.705
1239,1694828815280,3.117,0.11,1,424,"SELECT COUNT(DISTINCT(OL_I_ID)) FROM order_line, stock\
            WHERE OL_W_ID = 3\
              AND OL_D_ID = 5\
              AND OL_O_ID < 20242\
              AND OL_O_ID >= 20222\
              AND S_W_ID = 3\
              AND S_I_ID = OL_I_ID\
              AND S_QUANTITY < 17",394722,1694828815276.883
1240,1694829154424,2.801,0.09,1,452,"SELECT COUNT(DISTINCT(OL_I_ID)) FROM order_line, stock\
            WHERE OL_W_ID = 2\
              AND OL_D_ID = 5\
              AND OL_O_ID < 20383\
              AND OL_O_ID >= 20363\
              AND S_W_ID = 2\
              AND S_I_ID = OL_I_ID\
              AND S_QUANTITY < 11",394739,1694829154421.199
1241,1694829408945,1.723,10896.938,0,0,"INSERT INTO orders (O_ID, O_D_ID, O_W_ID, O_C_ID, O_ENTRY_D, O_CARRIER_ID, O_OL_CNT, O_ALL_LOCAL) VALUES (20286, 1, 4, 537, '2023-09-16 09:41:33.938841', 0, 15, 1)",394286,1694829408943.277
1242,1694829440465,26.651,0.0,0,0,ROLLBACK,394291,1694829440438.349
1243,1694829441333,26.807,0.0,0,0,ROLLBACK,394281,1694829441306.193
1244,1694829441339,21.195,0.0,0,0,ROLLBACK,394286,1694829441317.805
1251,1694829002209,7.778,0.093,1,420,"SELECT COUNT(DISTINCT(OL_I_ID)) FROM order_line, stock\
            WHERE OL_W_ID = 3\
              AND OL_D_ID = 4\
              AND OL_O_ID < 20479\
              AND OL_O_ID >= 20459\
              AND S_W_ID = 3\
              AND S_I_ID = OL_I_ID\
              AND S_QUANTITY < 13",394775,1694829002201.222
1252,1694829422085,1.045,0.0,0,0,ROLLBACK,394328,1694829422083.955
1260,1694829406120,17021.611,2070.355,0,3600000,Update customer set c_id = c_id + 0 where c_id > 2400,394013,1694829389098.389
1281,1694829432845,18.376,0.0,0,0,COMMIT,394013,1694829432826.624
1282,1694829433728,2.852,8001.364,0,0,"INSERT INTO orders (O_ID, O_D_ID, O_W_ID, O_C_ID, O_ENTRY_D, O_CARRIER_ID, O_OL_CNT, O_ALL_LOCAL) VALUES (20464, 8, 2, 449, '2023-09-16 09:41:32.186633', 0, 8, 1)",394220,1694829433725.148
1283,1694829434409,2.796,11012.855,0,0,"INSERT INTO orders (O_ID, O_D_ID, O_W_ID, O_C_ID, O_ENTRY_D, O_CARRIER_ID, O_OL_CNT, O_ALL_LOCAL) VALUES (20559, 4, 1, 985, '2023-09-16 09:41:31.371012', 0, 5, 1)",394186,1694829434406.204
1284,1694829434656,14.615,5986.577,0,0,"INSERT INTO orders (O_ID, O_D_ID, O_W_ID, O_C_ID, O_ENTRY_D, O_CARRIER_ID, O_OL_CNT, O_ALL_LOCAL) VALUES (20319, 6, 3, 2553, '2023-09-16 09:41:34.857164', 0, 12, 1)",394322,1694829434641.385
1285,1694829434710,8.635,11010.369,0,0,"INSERT INTO orders (O_ID, O_D_ID, O_W_ID, O_C_ID, O_ENTRY_D, O_CARRIER_ID, O_OL_CNT, O_ALL_LOCAL) VALUES (20255, 2, 1, 2008, '2023-09-16 09:41:28.947127', 0, 11, 1)",394070,1694829434701.365
1286,1694829495351,1.074,0.061,0,1,UPDATE customer SET C_BALANCE = C_BALANCE + 4461.82 WHERE C_ID = 165 AND C_D_ID = 2 AND C_W_ID = 1,394112,1694829495349.926
1287,1694829505901,1.301,0.121,0,1,UPDATE customer SET C_BALANCE = C_BALANCE + 2994.16 WHERE C_ID = 429 AND C_D_ID = 2 AND C_W_ID = 4,394503,1694829505899.699
1288,1694828558954,1.243,0.099,0,0,"INSERT INTO order_line (OL_O_ID, OL_D_ID, OL_W_ID, OL_NUMBER, OL_I_ID, OL_SUPPLY_W_ID, OL_DELIVERY_D, OL_QUANTITY, OL_AMOUNT, OL_DIST_INFO) VALUES (20199, '08', 1, 4, 56395, 1, '2023-09-16 09:41:42.642045', 4, 377.44, 'Z9QED4oNdR7JQJxZ8bguv38g')",394649,1694828558952.757
1289,1694828613561,1.787,0.0,0,0,ROLLBACK,394070,1694828613559.213
1290,1694828636567,1.113,0.0,0,0,COMMIT,394512,1694828636565.887
1291,1694828637362,1.345,0.0,0,0,ROLLBACK,393975,1694828637360.655
1292,1694828649474,1.042,0.0,0,0,ROLLBACK,394065,1694828649472.958
1294,1694828655503,1.029,0.0,0,0,ROLLBACK,394800,1694828655501.971
1299,1694828686677,1.063,0.0,0,0,ROLLBACK,394852,1694828686675.937
1300,1694828687258,1.159,0.0,0,0,ROLLBACK,394186,1694828687256.841
1303,1694828727967,1.28,0.0,0,0,ROLLBACK,394812,1694828727965.72
1304,1694828740045,1.539,0.0,0,0,COMMIT,394197,1694828740043.461
1305,1694828773509,1.1,0.0,0,0,COMMIT,394076,1694828773507.9
1306,1694828788555,1.217,0.0,0,0,ROLLBACK,394708,1694828788553.783
1307,1694828791176,1.015,0.0,0,0,ROLLBACK,394546,1694828791174.985
1308,1694828794174,1.009,0.0,0,0,ROLLBACK,394828,1694828794172.991
1309,1694828800425,1.067,0.0,0,0,ROLLBACK,394562,1694828800423.933
1310,1694828805793,1.11,0.0,0,0,COMMIT,394350,1694828805791.89
1311,1694828810260,1.75,0.079,1,1,"SELECT S_QUANTITY, S_DATA, S_YTD, S_ORDER_CNT, S_REMOTE_CNT, S_DIST_10 FROM stock WHERE S_I_ID = 38419 AND S_W_ID = 2",394279,1694828810258.25
1312,1694828836579,1.019,0.0,0,0,COMMIT,394187,1694828836577.981
1313,1694828850619,1.016,0.0,0,0,COMMIT,394192,1694828850617.984
1314,1694828873636,1.298,0.0,0,0,ROLLBACK,394612,1694828873634.702
1315,1694828874396,1.913,0.0,0,0,ROLLBACK,394726,1694828874394.087
1316,1694828899093,1.064,0.0,0,0,COMMIT,394279,1694828899091.936
1317,1694828899881,1.545,0.0,0,0,COMMIT,394359,1694828899879.455
1318,1694828903167,1.003,0.0,0,0,ROLLBACK,394638,1694828903165.997
1319,1694828909129,1.165,0.0,0,0,ROLLBACK,394641,1694828909127.835
1320,1694828915538,1.437,0.0,0,0,ROLLBACK,394611,1694828915536.563
1321,1694828938637,1.093,0.0,0,0,ROLLBACK,394646,1694828938635.907
1322,1694828939269,1.157,0.0,0,0,COMMIT,394254,1694828939267.843
1323,1694828945365,1.474,0.0,0,0,COMMIT,394249,1694828945363.526
1324,1694828967432,1.195,0.0,0,0,COMMIT,394105,1694828967430.805
1325,1694828968632,1.01,0.0,0,0,ROLLBACK,394647,1694828968630.99
1326,1694828971748,1.031,0.0,0,0,ROLLBACK,394677,1694828971746.969
1327,1694828972463,1.698,0.0,0,0,COMMIT,394364,1694828972461.302
1328,1694828975081,1.128,0.0,0,0,COMMIT,394248,1694828975079.872
1329,1694828980578,1.08,0.0,0,0,COMMIT,394542,1694828980576.92
1330,1694828988451,1.443,0.0,0,0,COMMIT,394156,1694828988449.557
1331,1694829002155,1.198,0.0,0,0,ROLLBACK,394620,1694829002153.802
1332,1694829006470,1.136,0.0,0,0,ROLLBACK,394780,1694829006468.864
1333,1694829006535,1.358,0.0,0,0,ROLLBACK,394648,1694829006533.642
1334,1694829021697,1.124,0.0,0,0,COMMIT,394551,1694829021695.876
1335,1694829025533,1.279,0.0,0,0,COMMIT,394196,1694829025531.721
1336,1694829029629,1.47,0.0,0,0,ROLLBACK,394598,1694829029627.53
1337,1694829042759,1.145,0.0,0,0,COMMIT,394797,1694829042757.855
1338,1694829067261,1.492,0.0,0,0,ROLLBACK,394626,1694829067259.508
1339,1694829078662,1.118,0.0,0,0,ROLLBACK,394575,1694829078660.882
1340,1694829080835,1.06,0.062,0,0,"INSERT INTO order_line (OL_O_ID, OL_D_ID, OL_W_ID, OL_NUMBER, OL_I_ID, OL_SUPPLY_W_ID, OL_DELIVERY_D, OL_QUANTITY, OL_AMOUNT, OL_DIST_INFO) VALUES (20439, '05', 4, 7, 34901, 4, '2023-09-16 09:41:50.215494', 9, 15.84, 'sHhblqwTpMkVQ5TU1hbJlHLo')",394980,1694829080833.94
1341,1694829087073,1.296,0.0,0,0,ROLLBACK,394651,1694829087071.704
1342,1694829087114,1.137,0.0,0,0,ROLLBACK,394639,1694829087112.863
1343,1694829100773,1.138,0.0,0,0,COMMIT,394763,1694829100771.862
1344,1694829107012,1.013,0.0,0,0,ROLLBACK,394584,1694829107010.987
1345,1694829116200,1.15,0.0,0,0,ROLLBACK,394686,1694829116198.85
1346,1694829117011,1.251,0.0,0,0,ROLLBACK,394685,1694829117009.749
1347,1694829117034,1.869,0.0,0,0,ROLLBACK,394820,1694829117032.131
1348,1694829117878,1.076,0.0,0,0,ROLLBACK,394576,1694829117876.924
1349,1694829117892,1.27,0.0,0,0,ROLLBACK,394714,1694829117890.73
1350,1694829124319,1.48,0.0,0,0,ROLLBACK,394811,1694829124317.52
1351,1694829124325,1.39,0.0,0,0,ROLLBACK,394854,1694829124323.61
1352,1694829255937,2.179,0.096,1,414,"SELECT COUNT(DISTINCT(OL_I_ID)) FROM order_line, stock\
            WHERE OL_W_ID = 3\
              AND OL_D_ID = 4\
              AND OL_O_ID < 20480\
              AND OL_O_ID >= 20460\
              AND S_W_ID = 3\
              AND S_I_ID = OL_I_ID\
              AND S_QUANTITY < 19",394996,1694829255934.821
1353,1694829337250,1.307,0.0,0,0,ROLLBACK,394642,1694829337248.693
1354,1694829337338,1.44,0.0,0,0,ROLLBACK,394827,1694829337336.56
1355,1694829337771,1.603,0.0,0,0,ROLLBACK,394846,1694829337769.397
1356,1694829338582,2.4,0.0,0,0,ROLLBACK,394679,1694829338579.6
1357,1694829338654,2.43,0.0,0,0,ROLLBACK,394831,1694829338651.57
1358,1694829338743,2.489,0.0,0,0,ROLLBACK,394670,1694829338740.511
1359,1694829339483,2.365,0.0,0,0,ROLLBACK,394717,1694829339480.635
1360,1694829341703,1.583,0.0,0,0,ROLLBACK,394582,1694829341701.417
1361,1694829356239,1.105,0.0,0,0,ROLLBACK,394723,1694829356237.895
1362,1694829357140,1.739,0.0,0,0,ROLLBACK,394710,1694829357138.261
1363,1694829382410,1.031,0.0,0,0,ROLLBACK,394637,1694829382408.969
1364,1694829383377,1.355,0.0,0,0,ROLLBACK,394600,1694829383375.645
1365,1694829394785,1.869,0.0,0,0,ROLLBACK,394819,1694829394783.131
1366,1694829395498,1.734,0.0,0,0,ROLLBACK,394851,1694829395496.266
1367,1694829395505,1.294,0.0,0,0,ROLLBACK,394741,1694829395503.706
1368,1694829395603,1.613,0.0,0,0,ROLLBACK,394735,1694829395601.387
1369,1694829396554,1.21,0.0,0,0,ROLLBACK,394738,1694829396552.79
1370,1694829397352,1.482,0.0,0,0,ROLLBACK,394737,1694829397350.518
1371,1694829413251,1.157,0.0,0,0,ROLLBACK,394768,1694829413249.843
1372,1694829500984,1.622,0.057,0,1,UPDATE orders SET O_CARRIER_ID = 3 WHERE O_ID = 20478 AND O_D_ID = 7 AND O_W_ID = 4,394633,1694829500982.378
1375,1694828669977,2.498,0.0,0,0,COMMIT,394569,1694828669974.502
1376,1694828670685,1.62,0.0,0,0,COMMIT,394570,1694828670683.38
1378,1694828686504,1.355,0.0,0,0,COMMIT,394985,1694828686502.645
1379,1694828688664,1.278,0.0,0,0,COMMIT,394583,1694828688662.722
1382,1694828861761,1.294,0.0,0,0,COMMIT,395018,1694828861759.706
1383,1694828931613,1.004,0.0,0,0,COMMIT,394588,1694828931611.996
1384,1694828945789,1.163,0.0,0,0,COMMIT,394593,1694828945787.837
1385,1694829003397,1.296,0.0,0,0,COMMIT,394585,1694829003395.704
1386,1694829102691,1.035,0.0,0,0,COMMIT,395010,1694829102689.965
1387,1694829132968,1.216,0.0,0,0,COMMIT,395011,1694829132966.784
1388,1694829176929,1.072,0.0,0,0,COMMIT,395022,1694829176927.928
1389,1694829386686,1.251,0.0,0,0,COMMIT,395038,1694829386684.749
1390,1694829390309,2.069,0.096,1,426,"SELECT COUNT(DISTINCT(OL_I_ID)) FROM order_line, stock\
            WHERE OL_W_ID = 2\
              AND OL_D_ID = 9\
              AND OL_O_ID < 20434\
              AND OL_O_ID >= 20414\
              AND S_W_ID = 2\
              AND S_I_ID = OL_I_ID\
              AND S_QUANTITY < 11",395026,1694829390306.931
1391,1694829433384,1.01,0.0,0,0,COMMIT,394999,1694829433382.99
1392,1694829469636,1.054,0.0,0,0,COMMIT,394653,1694829469634.946
1393,1694828599801,1.008,0.0,0,0,COMMIT,395047,1694828599799.992
1396,1694828698219,1.489,0.0,0,0,COMMIT,394655,1694828698217.511
1398,1694828708932,1.349,0.0,0,0,COMMIT,395046,1694828708930.651
1399,1694828712016,1.137,0.0,0,0,COMMIT,394657,1694828712014.863
1401,1694828726045,1.927,0.089,1,466,"SELECT COUNT(DISTINCT(OL_I_ID)) FROM order_line, stock\
            WHERE OL_W_ID = 1\
              AND OL_D_ID = 6\
              AND OL_O_ID < 20270\
              AND OL_O_ID >= 20250\
              AND S_W_ID = 1\
              AND S_I_ID = OL_I_ID\
              AND S_QUANTITY < 13",395061,1694828726043.073
1402,1694828726371,3.125,0.0,0,0,COMMIT,394661,1694828726367.875
1403,1694828737482,1.05,0.0,0,0,COMMIT,394662,1694828737480.95
1404,1694828956868,1.075,0.0,0,0,COMMIT,394608,1694828956866.925
1405,1694829090899,1.105,0.0,0,0,COMMIT,394816,1694829090897.895
1406,1694829155553,1.004,0.0,0,0,COMMIT,395053,1694829155551.996
1407,1694829207693,1.114,0.0,0,0,COMMIT,394733,1694829207691.886
1408,1694829220015,1.067,0.0,0,0,COMMIT,394795,1694829220013.933
1409,1694829248363,1.02,0.0,0,0,COMMIT,394808,1694829248361.98
1410,1694829330127,1.192,0.0,0,0,COMMIT,394754,1694829330125.808
1411,1694829358923,1.691,0.078,1,448,"SELECT COUNT(DISTINCT(OL_I_ID)) FROM order_line, stock\
            WHERE OL_W_ID = 4\
              AND OL_D_ID = 3\
              AND OL_O_ID < 20207\
              AND OL_O_ID >= 20187\
              AND S_W_ID = 4\
              AND S_I_ID = OL_I_ID\
              AND S_QUANTITY < 13",395089,1694829358921.309
1412,1694829369681,1.174,0.0,0,0,COMMIT,394613,1694829369679.826
1413,1694829430465,1.209,0.0,0,0,COMMIT,395034,1694829430463.791
1414,1694828552809,1.099,0.0,0,0,COMMIT,395058,1694828552807.901
1415,1694828563246,1.015,0.0,0,0,COMMIT,394824,1694828563244.985
1416,1694828610310,1.148,0.0,0,0,COMMIT,394761,1694828610308.852
1419,1694828694675,1.105,0.0,0,0,COMMIT,394890,1694828694673.895
1420,1694828695370,1.104,0.0,0,0,ROLLBACK,395074,1694828695368.896
1423,1694828727435,1.141,0.0,0,0,COMMIT,394986,1694828727433.859
1424,1694828766368,1.019,0.0,0,0,COMMIT,394994,1694828766366.981
1425,1694828835725,1.019,0.0,0,0,COMMIT,394654,1694828835723.981
1426,1694828836526,1.66,0.0,0,0,COMMIT,394650,1694828836524.34
1427,1694828901251,1.029,0.0,0,0,COMMIT,395070,1694828901249.971
1428,1694828998704,1.005,0.0,0,0,COMMIT,395092,1694828998702.995
1429,1694829047255,1.56,0.086,1,394,"SELECT COUNT(DISTINCT(OL_I_ID)) FROM order_line, stock\
            WHERE OL_W_ID = 1\
              AND OL_D_ID = 10\
              AND OL_O_ID < 20364\
              AND OL_O_ID >= 20344\
              AND S_W_ID = 1\
              AND S_I_ID = OL_I_ID\
              AND S_QUANTITY < 17",395116,1694829047253.44
1430,1694829102582,1.206,0.0,0,0,COMMIT,395097,1694829102580.794
1431,1694829332230,1.058,0.0,0,0,ROLLBACK,395115,1694829332228.942
1432,1694829420426,1.028,0.0,0,0,COMMIT,395122,1694829420424.972
1433,1694829479081,1.019,0.0,0,0,COMMIT,395101,1694829479079.981
1434,1694829494663,1.002,0.0,0,0,COMMIT,395113,1694829494661.998
1435,1694828536095,1.014,0.0,0,0,COMMIT,394987,1694828536093.986
1436,1694828587272,1.026,0.0,0,0,COMMIT,394673,1694828587270.974
1437,1694828664433,1.228,0.08,1,322,"SELECT COUNT(DISTINCT(OL_I_ID)) FROM order_line, stock\
            WHERE OL_W_ID = 3\
              AND OL_D_ID = 9\
              AND OL_O_ID < 20468\
              AND OL_O_ID >= 20448\
              AND S_W_ID = 3\
              AND S_I_ID = OL_I_ID\
              AND S_QUANTITY < 19",395143,1694828664431.772
1443,1694828738862,1.013,0.0,0,0,COMMIT,394721,1694828738860.987
1444,1694828820626,1.104,0.0,0,0,COMMIT,395112,1694828820624.896
1445,1694828846839,1.071,0.0,0,0,COMMIT,395032,1694828846837.929
1446,1694828873478,1.659,0.0,0,0,COMMIT,394705,1694828873476.341
1447,1694829140543,1.026,0.0,0,0,COMMIT,395134,1694829140541.974
1448,1694829167132,1.418,0.093,1,376,"SELECT COUNT(DISTINCT(OL_I_ID)) FROM order_line, stock\
            WHERE OL_W_ID = 1\
              AND OL_D_ID = 5\
              AND OL_O_ID < 20532\
              AND OL_O_ID >= 20512\
              AND S_W_ID = 1\
              AND S_I_ID = OL_I_ID\
              AND S_QUANTITY < 12",395168,1694829167130.582
1449,1694829215875,1.033,0.0,0,0,COMMIT,395147,1694829215873.967
1450,1694829220039,1.216,0.066,0,0,"INSERT INTO order_line (OL_O_ID, OL_D_ID, OL_W_ID, OL_NUMBER, OL_I_ID, OL_SUPPLY_W_ID, OL_DELIVERY_D, OL_QUANTITY, OL_AMOUNT, OL_DIST_INFO) VALUES (20441, '05', 4, 13, 73197, 4, '2023-09-16 09:41:53.670478', 10, 291.70, 'NVy7TRAb6r4m9aeTXOwYphC0')",395107,1694829220037.784
1451,1694829232455,1.163,0.0,0,0,COMMIT,395164,1694829232453.837
1452,1694829234152,1.068,0.0,0,0,COMMIT,395107,1694829234150.932
1453,1694828638984,1.012,0.0,0,0,COMMIT,395179,1694828638982.988
1455,1694828675403,1.414,0.066,1,428,"SELECT COUNT(DISTINCT(OL_I_ID)) FROM order_line, stock\
            WHERE OL_W_ID = 3\
              AND OL_D_ID = 7\
              AND OL_O_ID < 20167\
              AND OL_O_ID >= 20147\
              AND S_W_ID = 3\
              AND S_I_ID = OL_I_ID\
              AND S_QUANTITY < 15",395192,1694828675401.586
1459,1694828750826,1.005,0.0,0,0,COMMIT,395049,1694828750824.995
1460,1694828842241,1.355,0.0,0,0,COMMIT,395187,1694828842239.645
1461,1694828862462,1.041,0.0,0,0,COMMIT,395178,1694828862460.959
1462,1694828874541,1.055,0.0,0,0,ROLLBACK,395163,1694828874539.945
1463,1694829073021,1.25,0.0,0,0,COMMIT,395151,1694829073019.75
1464,1694829083105,1.341,0.0,0,0,COMMIT,394777,1694829083103.659
1465,1694829093053,1.623,0.0,0,0,COMMIT,395172,1694829093051.377
1466,1694829168724,1.01,0.0,0,0,ROLLBACK,395202,1694829168722.99
1467,1694829170140,1.151,0.0,0,0,COMMIT,395144,1694829170138.849
1468,1694829263024,1.106,0.0,0,0,COMMIT,395177,1694829263022.894
1469,1694829283548,1.122,0.0,0,0,COMMIT,395212,1694829283546.878
1470,1694828591425,1.113,0.0,0,0,COMMIT,394984,1694828591423.887
1475,1694828730219,1.346,0.084,1,380,"SELECT COUNT(DISTINCT(OL_I_ID)) FROM order_line, stock\
            WHERE OL_W_ID = 4\
              AND OL_D_ID = 4\
              AND OL_O_ID < 20175\
              AND OL_O_ID >= 20155\
              AND S_W_ID = 4\
              AND S_I_ID = OL_I_ID\
              AND S_QUANTITY < 12",395225,1694828730217.654
1476,1694828733278,1.077,0.0,0,0,COMMIT,395233,1694828733276.923
1477,1694828864890,1.152,0.0,0,0,COMMIT,395218,1694828864888.848
1478,1694828942381,1.021,0.0,0,0,COMMIT,395207,1694828942379.979
1479,1694829082789,1.578,0.089,1,424,"SELECT COUNT(DISTINCT(OL_I_ID)) FROM order_line, stock\
            WHERE OL_W_ID = 3\
              AND OL_D_ID = 5\
              AND OL_O_ID < 20243\
              AND OL_O_ID >= 20223\
              AND S_W_ID = 3\
              AND S_I_ID = OL_I_ID\
              AND S_QUANTITY < 14",395249,1694829082787.422
1480,1694829102724,1.075,0.0,0,0,COMMIT,395209,1694829102722.925
1481,1694829302996,1.124,0.0,0,0,COMMIT,395223,1694829302994.876
1482,1694829339348,1.022,0.0,0,0,COMMIT,395183,1694829339346.978
1483,1694829419719,1.044,0.0,0,0,ROLLBACK,395229,1694829419717.956
1484,1694828608124,1.007,0.0,0,0,COMMIT,395238,1694828608122.993
1485,1694828671764,1.014,0.0,0,0,COMMIT,395250,1694828671762.986
1490,1694828715170,1.016,0.0,0,0,COMMIT,395245,1694828715168.984
1492,1694828755592,1.024,0.0,0,0,COMMIT,395031,1694828755590.976
1493,1694828768415,1.03,0.0,0,0,COMMIT,395057,1694828768413.97
1494,1694828828188,1.284,0.0,0,0,COMMIT,395221,1694828828186.716
1495,1694828987420,1.206,0.0,0,0,COMMIT,395241,1694828987418.794
1496,1694828996103,1.003,0.0,0,0,COMMIT,395072,1694828996101.997
1497,1694828997014,1.078,0.0,0,0,COMMIT,395000,1694828997012.922
1498,1694829009736,1.011,0.0,0,0,COMMIT,395076,1694829009734.989
1499,1694829056692,1.033,0.0,0,0,COMMIT,395205,1694829056690.967
1500,1694829070132,1.055,0.0,0,0,ROLLBACK,395266,1694829070130.945
1501,1694829122010,1.02,0.0,0,0,ROLLBACK,395288,1694829122008.98
1502,1694829150825,1.115,0.0,0,0,COMMIT,395276,1694829150823.885
1503,1694829161517,1.822,0.093,1,414,"SELECT COUNT(DISTINCT(OL_I_ID)) FROM order_line, stock\
            WHERE OL_W_ID = 3\
              AND OL_D_ID = 4\
              AND OL_O_ID < 20480\
              AND OL_O_ID >= 20460\
              AND S_W_ID = 3\
              AND S_I_ID = OL_I_ID\
              AND S_QUANTITY < 17",395294,1694829161515.178
1504,1694829195346,1.07,0.0,0,0,COMMIT,395184,1694829195344.93
1505,1694829273568,1.389,0.0,0,0,COMMIT,395268,1694829273566.611
1506,1694829344074,1.018,0.0,0,0,COMMIT,395286,1694829344072.982
1507,1694829471340,1.023,0.0,0,0,COMMIT,395263,1694829471338.977
1508,1694828675766,1.099,0.0,0,0,COMMIT,395030,1694828675764.901
1513,1694828773847,1.034,0.0,0,0,COMMIT,395285,1694828773845.966
1514,1694828816693,1.067,0.0,0,0,COMMIT,395090,1694828816691.933
1515,1694828920355,1.974,0.0,0,0,COMMIT,395196,1694828920353.026
1516,1694829176729,1.36,0.0,0,0,COMMIT,395278,1694829176727.64
1517,1694829377081,1.018,0.0,0,0,COMMIT,395252,1694829377079.982
1518,1694829429663,1.106,0.0,0,0,COMMIT,395105,1694829429661.894
1519,1694829442401,1.002,0.0,0,0,COMMIT,395086,1694829442399.998
1520,1694828597600,1.217,0.0,0,0,COMMIT,395355,1694828597598.783
1521,1694828634542,1.063,0.0,0,0,COMMIT,395277,1694828634540.937
1525,1694828722653,1.387,0.0,0,0,COMMIT,395343,1694828722651.613
1527,1694828790425,1.012,0.0,0,0,COMMIT,395361,1694828790423.988
1528,1694829087882,1.146,0.092,1,418,"SELECT COUNT(DISTINCT(OL_I_ID)) FROM order_line, stock\
            WHERE OL_W_ID = 1\
              AND OL_D_ID = 9\
              AND OL_O_ID < 20223\
              AND OL_O_ID >= 20203\
              AND S_W_ID = 1\
              AND S_I_ID = OL_I_ID\
              AND S_QUANTITY < 10",395382,1694829087880.854
1529,1694829107836,1.009,0.0,0,0,COMMIT,395371,1694829107834.991
1530,1694829108467,1.438,0.0,0,0,COMMIT,395339,1694829108465.562
1531,1694829282465,1.07,0.0,0,0,COMMIT,395368,1694829282463.93
1532,1694829289147,1.948,0.088,1,396,"SELECT COUNT(DISTINCT(OL_I_ID)) FROM order_line, stock\
            WHERE OL_W_ID = 3\
              AND OL_D_ID = 3\
              AND OL_O_ID < 20422\
              AND OL_O_ID >= 20402\
              AND S_W_ID = 3\
              AND S_I_ID = OL_I_ID\
              AND S_QUANTITY < 11",395390,1694829289145.052
1533,1694829439565,3.537,0.0,0,0,COMMIT,395219,1694829439561.463
1534,1694829504594,1.01,0.0,0,0,COMMIT,395385,1694829504592.99
1536,1694828687269,1.21,0.0,0,0,COMMIT,395330,1694828687267.79
1537,1694828702840,1.038,0.0,0,0,COMMIT,395204,1694828702838.962
1540,1694828719583,1.008,0.0,0,0,COMMIT,395282,1694828719581.992
1542,1694828748269,1.556,0.091,1,424,"SELECT COUNT(DISTINCT(OL_I_ID)) FROM order_line, stock\
            WHERE OL_W_ID = 2\
              AND OL_D_ID = 10\
              AND OL_O_ID < 20235\
              AND OL_O_ID >= 20215\
              AND S_W_ID = 2\
              AND S_I_ID = OL_I_ID\
              AND S_QUANTITY < 15",395409,1694828748267.444
1543,1694828773461,1.333,0.098,1,358,"SELECT COUNT(DISTINCT(OL_I_ID)) FROM order_line, stock\
            WHERE OL_W_ID = 1\
              AND OL_D_ID = 2\
              AND OL_O_ID < 20260\
              AND OL_O_ID >= 20240\
              AND S_W_ID = 1\
              AND S_I_ID = OL_I_ID\
              AND S_QUANTITY < 13",395411,1694828773459.667
1544,1694828880380,1.317,0.072,1,370,"SELECT COUNT(DISTINCT(OL_I_ID)) FROM order_line, stock\
            WHERE OL_W_ID = 2\
              AND OL_D_ID = 8\
              AND OL_O_ID < 20471\
              AND OL_O_ID >= 20451\
              AND S_W_ID = 2\
              AND S_I_ID = OL_I_ID\
              AND S_QUANTITY < 14",395415,1694828880378.683
1545,1694828888433,3.532,0.0,0,0,ROLLBACK,395399,1694828888429.468
1546,1694828911392,1.102,0.0,0,0,COMMIT,395328,1694828911390.898
1547,1694829153760,1.193,0.0,0,0,COMMIT,395384,1694829153758.807
1548,1694829225801,1.109,0.0,0,0,COMMIT,395387,1694829225799.891
1549,1694829239075,1.175,0.0,0,0,COMMIT,395341,1694829239073.825
1550,1694829275507,1.171,0.0,0,0,COMMIT,395398,1694829275505.829
1551,1694829311805,1.172,0.0,0,0,COMMIT,395405,1694829311803.828
1552,1694829352079,1.171,0.0,0,0,COMMIT,395420,1694829352077.829
1553,1694829383316,1.182,0.0,0,0,COMMIT,395410,1694829383314.818
1554,1694829406376,1.067,0.0,0,0,COMMIT,395297,1694829406374.933
1555,1694828567931,1.146,0.0,0,0,COMMIT,395413,1694828567929.854
1556,1694828578147,1.102,0.0,0,0,COMMIT,395310,1694828578145.898
1557,1694828592645,1.371,0.0,0,0,COMMIT,395425,1694828592643.629
1558,1694828605166,1.064,0.0,0,0,COMMIT,395332,1694828605164.936
1559,1694828619184,1.148,0.0,0,0,COMMIT,395309,1694828619182.852
1560,1694828630991,1.025,0.0,0,0,COMMIT,395426,1694828630989.975
1561,1694828646965,1.026,0.0,0,0,COMMIT,395348,1694828646963.974
1565,1694828707488,1.105,0.0,0,0,COMMIT,395417,1694828707486.895
1568,1694828741139,1.243,0.0,0,0,COMMIT,395434,1694828741137.757
1570,1694828765718,2.255,0.0,0,0,COMMIT,395429,1694828765715.745
1571,1694828801323,1.065,0.0,0,0,COMMIT,395450,1694828801321.935
1572,1694828873066,1.256,0.0,0,0,COMMIT,395453,1694828873064.744
1573,1694828875097,1.007,0.0,0,0,COMMIT,395357,1694828875095.993
1574,1694828887899,1.035,0.0,0,0,COMMIT,395344,1694828887897.965
1575,1694828969690,1.424,0.0,0,0,COMMIT,395432,1694828969688.576
1576,1694829015542,1.049,0.0,0,0,COMMIT,395419,1694829015540.951
1577,1694829029271,1.012,0.0,0,0,COMMIT,395433,1694829029269.988
1578,1694829100233,1.876,0.0,0,0,COMMIT,395461,1694829100231.124
1579,1694829130495,1.06,0.0,0,0,COMMIT,395376,1694829130493.94
1580,1694829144040,1.097,0.0,0,0,COMMIT,395379,1694829144038.903
1581,1694829157275,1.096,0.0,0,0,COMMIT,395380,1694829157273.904
1582,1694829170190,1.042,0.0,0,0,COMMIT,395373,1694829170188.958
1583,1694829258644,1.292,0.0,0,0,COMMIT,395437,1694829258642.708
1584,1694829447537,1.187,0.0,0,0,COMMIT,395451,1694829447535.813
1585,1694829513546,1.551,0.066,0,0,"INSERT INTO orders (O_ID, O_D_ID, O_W_ID, O_C_ID, O_ENTRY_D, O_CARRIER_ID, O_OL_CNT, O_ALL_LOCAL) VALUES (20322, 6, 3, 2504, '2023-09-16 09:42:01.749147', 0, 5, 1)",395475,1694829513544.449
1586,1694829514754,1.021,0.0,0,0,COMMIT,395467,1694829514752.979
1587,1694828663973,1.055,0.0,0,0,COMMIT,395494,1694828663971.945
1588,1694828685165,1.065,0.0,0,0,COMMIT,395458,1694828685163.935
1593,1694828794904,1.311,0.0,0,0,ROLLBACK,395462,1694828794902.689
1594,1694828872140,1.118,0.0,0,0,COMMIT,395400,1694828872138.882
1595,1694828892289,1.154,0.0,0,0,ROLLBACK,395473,1694828892287.846
1596,1694828922483,1.139,0.0,0,0,COMMIT,395464,1694828922481.861
1597,1694828958197,1.05,0.0,0,0,COMMIT,395511,1694828958195.95
1598,1694829070995,1.091,0.0,0,0,COMMIT,395516,1694829070993.909
1599,1694829241221,1.074,0.0,0,0,COMMIT,395475,1694829241219.926
1600,1694829339676,1.032,0.0,0,0,COMMIT,395430,1694829339674.968
1601,1694828671949,1.023,0.0,0,0,COMMIT,395503,1694828671947.977
1603,1694828691586,1.317,0.0,0,0,ROLLBACK,395519,1694828691584.683
1606,1694828726860,1.064,0.0,0,0,COMMIT,395536,1694828726858.936
1608,1694828751915,1.043,0.0,0,0,COMMIT,395526,1694828751913.957
1609,1694828852739,1.198,0.0,0,0,COMMIT,395521,1694828852737.802
1610,1694828937575,1.145,0.0,0,0,COMMIT,395559,1694828937573.855
1611,1694828978832,1.187,0.0,0,0,COMMIT,395556,1694828978830.813
1612,1694828998001,1.215,0.0,0,0,COMMIT,395539,1694828997999.785
1613,1694829010785,1.221,0.0,0,0,ROLLBACK,395527,1694829010783.779
1614,1694829053041,1.223,0.0,0,0,COMMIT,395532,1694829053039.777
1615,1694829081393,1.056,0.0,0,0,COMMIT,395457,1694829081391.944
1616,1694829088202,1.087,0.0,0,0,ROLLBACK,395531,1694829088200.913
1617,1694829248155,1.048,0.0,0,0,ROLLBACK,395542,1694829248153.952
1618,1694829309816,1.141,0.0,0,0,COMMIT,395502,1694829309814.859
1619,1694829373810,1.019,0.0,0,0,ROLLBACK,395553,1694829373808.981
1620,1694829513867,1.1,0.0,0,0,COMMIT,395485,1694829513865.9
1621,1694828631501,1.097,0.0,0,0,COMMIT,395577,1694828631499.903
1626,1694828742131,1.275,0.0,0,0,COMMIT,395573,1694828742129.725
1627,1694828750017,1.339,0.0,0,0,COMMIT,395486,1694828750015.661
1628,1694828856659,1.242,0.0,0,0,COMMIT,395599,1694828856657.758
1629,1694828879742,1.076,0.0,0,0,COMMIT,395576,1694828879740.924
1630,1694828989572,1.161,0.0,0,0,COMMIT,395579,1694828989570.839
1631,1694829002554,1.417,0.0,0,0,COMMIT,395441,1694829002552.583
1632,1694829140358,1.514,0.0,0,0,COMMIT,395565,1694829140356.486
1633,1694829326070,1.075,0.0,0,0,COMMIT,395616,1694829326068.925
1634,1694829385328,1.062,0.0,0,0,COMMIT,395611,1694829385326.938
1635,1694829394489,1.243,0.0,0,0,COMMIT,395495,1694829394487.757
1641,1694828845035,1.022,0.0,0,0,COMMIT,395625,1694828845033.978
1642,1694828969621,1.092,0.0,0,0,ROLLBACK,395624,1694828969619.908
1643,1694829100860,1.137,0.0,0,0,COMMIT,395629,1694829100858.863
1644,1694829183746,1.032,0.0,0,0,COMMIT,395592,1694829183744.968
1645,1694829305542,1.155,0.0,0,0,COMMIT,395581,1694829305540.845
1646,1694829425071,1.021,0.0,0,0,ROLLBACK,395649,1694829425069.979
1647,1694828552009,1.28,0.0,0,0,COMMIT,395586,1694828552007.72
1648,1694828591886,1.099,0.0,0,0,COMMIT,395641,1694828591884.901
1649,1694828613103,1.002,0.0,0,0,COMMIT,395621,1694828613101.998
1650,1694828622748,1.014,0.0,0,0,COMMIT,395655,1694828622746.986
1651,1694828661849,1.013,0.0,0,0,COMMIT,395550,1694828661847.987
1657,1694828741091,1.13,0.0,0,0,COMMIT,395571,1694828741089.87
1659,1694828748281,1.024,0.0,0,0,COMMIT,395622,1694828748279.976
1660,1694828793107,1.078,0.0,0,0,COMMIT,395583,1694828793105.922
1661,1694828852890,1.068,0.0,0,0,COMMIT,395671,1694828852888.932
1662,1694828853611,1.114,0.0,0,0,COMMIT,395661,1694828853609.886
1663,1694829009817,1.154,0.0,0,0,COMMIT,395609,1694829009815.846
1664,1694829033302,1.139,0.0,0,0,ROLLBACK,395626,1694829033300.861
1665,1694829107769,1.104,0.0,0,0,COMMIT,395667,1694829107767.896
1666,1694829188081,1.028,0.0,0,0,COMMIT,395658,1694829188079.972
1667,1694829239427,1.017,0.0,0,0,COMMIT,395558,1694829239425.983
1668,1694829346187,1.018,0.0,0,0,ROLLBACK,395674,1694829346185.982
1669,1694828546113,1.082,0.0,0,0,COMMIT,395694,1694828546111.918
1670,1694828623052,11.232,0.0,0,0,COMMIT,395684,1694828623040.768
1671,1694828632008,1.198,0.0,0,0,COMMIT,395520,1694828632006.802
1673,1694828705978,1.171,0.0,0,0,COMMIT,395673,1694828705976.829
1677,1694829180338,1.141,0.0,0,0,COMMIT,395699,1694829180336.859
1678,1694829340296,1.062,0.0,0,0,COMMIT,395514,1694829340294.938
1679,1694829396072,1.088,0.069,1,378,"SELECT COUNT(DISTINCT(OL_I_ID)) FROM order_line, stock\
            WHERE OL_W_ID = 4\
              AND OL_D_ID = 4\
              AND OL_O_ID < 20180\
              AND OL_O_ID >= 20160\
              AND S_W_ID = 4\
              AND S_I_ID = OL_I_ID\
              AND S_QUANTITY < 10",395750,1694829396070.912
1685,1694828749863,1.075,0.0,0,0,COMMIT,395758,1694828749861.925
1686,1694828752347,1.719,0.0,0,0,ROLLBACK,395747,1694828752345.281
1687,1694828867983,1.058,0.0,0,0,COMMIT,395740,1694828867981.942
1688,1694828916075,1.019,0.0,0,0,COMMIT,395767,1694828916073.981
1689,1694828916717,1.321,0.0,0,0,COMMIT,395749,1694828916715.679
1690,1694828940634,1.038,0.0,0,0,COMMIT,395603,1694828940632.962
1691,1694828953853,1.06,0.0,0,0,COMMIT,395627,1694828953851.94
1692,1694829054072,1.004,0.0,0,0,COMMIT,395717,1694829054070.996
1693,1694829079344,1.452,0.091,1,392,"SELECT COUNT(DISTINCT(OL_I_ID)) FROM order_line, stock\
            WHERE OL_W_ID = 2\
              AND OL_D_ID = 4\
              AND OL_O_ID < 20373\
              AND OL_O_ID >= 20353\
              AND S_W_ID = 2\
              AND S_I_ID = OL_I_ID\
              AND S_QUANTITY < 15",395781,1694829079342.548
1694,1694829138883,1.201,0.0,0,0,COMMIT,395759,1694829138881.799
1695,1694829230808,1.654,0.0,0,0,COMMIT,395735,1694829230806.346
1696,1694828653177,1.19,0.089,1,408,"SELECT COUNT(DISTINCT(OL_I_ID)) FROM order_line, stock\
            WHERE OL_W_ID = 2\
              AND OL_D_ID = 3\
              AND OL_O_ID < 20611\
              AND OL_O_ID >= 20591\
              AND S_W_ID = 2\
              AND S_I_ID = OL_I_ID\
              AND S_QUANTITY < 12",395789,1694828653175.81
1701,1694828756576,1.191,0.0,0,0,COMMIT,395771,1694828756574.809
1702,1694828878759,1.138,0.0,0,0,COMMIT,395809,1694828878757.862
1703,1694828879432,1.328,0.0,0,0,COMMIT,395762,1694828879430.672
1704,1694828997551,1.207,0.088,1,410,"SELECT COUNT(DISTINCT(OL_I_ID)) FROM order_line, stock\
            WHERE OL_W_ID = 4\
              AND OL_D_ID = 3\
              AND OL_O_ID < 20213\
              AND OL_O_ID >= 20193\
              AND S_W_ID = 4\
              AND S_I_ID = OL_I_ID\
              AND S_QUANTITY < 13",395824,1694828997549.793
1705,1694829083610,1.023,0.0,0,0,COMMIT,395756,1694829083608.977
1706,1694829102702,1.054,0.0,0,0,COMMIT,395630,1694829102700.946
1707,1694829268961,1.062,0.0,0,0,COMMIT,395810,1694829268959.938
1708,1694829295977,1.24,0.0,0,0,ROLLBACK,395825,1694829295975.76
1709,1694829318204,1.395,0.096,1,416,"SELECT COUNT(DISTINCT(OL_I_ID)) FROM order_line, stock\
            WHERE OL_W_ID = 2\
              AND OL_D_ID = 2\
              AND OL_O_ID < 20564\
              AND OL_O_ID >= 20544\
              AND S_W_ID = 2\
              AND S_I_ID = OL_I_ID\
              AND S_QUANTITY < 15",395837,1694829318202.605
1710,1694829366348,1.099,0.0,0,0,COMMIT,395838,1694829366346.901
1711,1694829517402,1.194,0.0,0,0,COMMIT,395839,1694829517400.806
1712,1694829528333,1.096,0.0,0,0,COMMIT,395802,1694829528331.904
1713,1694828646783,1.094,0.0,0,0,COMMIT,395833,1694828646781.906
1718,1694828683697,1.338,0.0,0,0,COMMIT,395662,1694828683695.662
1721,1694828821064,1.105,0.0,0,0,ROLLBACK,395798,1694828821062.895
1722,1694828879062,1.06,0.0,0,0,COMMIT,395698,1694828879060.94
1723,1694828893058,1.643,0.0,0,0,COMMIT,395795,1694828893056.357
1724,1694828931664,1.003,0.0,0,0,COMMIT,395859,1694828931662.997
1725,1694828957543,1.084,0.0,0,0,COMMIT,395848,1694828957541.916
1726,1694829040725,1.145,0.0,0,0,COMMIT,395842,1694829040723.855
1727,1694829187681,1.197,0.0,0,0,COMMIT,395760,1694829187679.803
1728,1694829220188,1.198,0.0,0,0,COMMIT,395793,1694829220186.802
1729,1694829284011,1.037,0.0,0,0,COMMIT,395823,1694829284009.963
1730,1694829301618,1.032,0.0,0,0,COMMIT,395846,1694829301616.968
1731,1694829355556,1.026,0.0,0,0,COMMIT,395856,1694829355554.974
1732,1694829397895,1.073,0.0,0,0,COMMIT,395878,1694829397893.927
1733,1694829455468,1.061,0.0,0,0,ROLLBACK,395874,1694829455466.939
1734,1694829480851,1.044,0.0,0,0,COMMIT,395853,1694829480849.956
1735,1694829490820,1.324,0.1,1,418,"SELECT COUNT(DISTINCT(OL_I_ID)) FROM order_line, stock\
            WHERE OL_W_ID = 1\
              AND OL_D_ID = 6\
              AND OL_O_ID < 20279\
              AND OL_O_ID >= 20259\
              AND S_W_ID = 1\
              AND S_I_ID = OL_I_ID\
              AND S_QUANTITY < 20",395887,1694829490818.676
1736,1694829493708,1.017,0.08,0,1,"UPDATE stock SET S_QUANTITY = 15, S_YTD = 73, S_ORDER_CNT = 14, S_REMOTE_CNT = 0 WHERE S_I_ID = 26635 AND S_W_ID = 3",395872,1694829493706.983
1737,1694828563937,1.022,0.0,0,0,COMMIT,395872,1694828563935.978
1738,1694828585987,1.064,0.0,0,0,COMMIT,395889,1694828585985.936
1739,1694828598506,1.168,0.0,0,0,COMMIT,395880,1694828598504.832
1740,1694828641804,1.098,0.0,0,0,COMMIT,395775,1694828641802.902
1741,1694828669471,1.711,0.0,0,0,COMMIT,395790,1694828669469.289
1742,1694828692851,1.15,0.0,0,0,COMMIT,395822,1694828692849.85
1744,1694828706552,1.066,0.0,0,0,COMMIT,395881,1694828706550.934
1746,1694828709901,2.235,0.0,0,0,COMMIT,395799,1694828709898.765
1750,1694828737867,1.26,0.0,0,0,COMMIT,395829,1694828737865.74
1752,1694828751007,1.044,0.0,0,0,COMMIT,395819,1694828751005.956
1753,1694828756261,1.263,0.122,1,1,"SELECT C_ID, C_FIRST, C_MIDDLE, C_LAST, C_STREET_1, C_STREET_2, C_CITY, C_STATE, C_ZIP, C_PHONE, C_SINCE, C_CREDIT, C_CREDIT_LIM, C_DISCOUNT, C_BALANCE, C_YTD_PAYMENT, C_PAYMENT_CNT, C_DATA FROM customer WHERE C_W_ID = 3 AND C_D_ID = 9 AND C_LAST = 'ATIONOUGHTATION' ORDER BY C_FIRST",395896,1694828756259.737
1754,1694828796560,1.1,0.0,0,0,COMMIT,395869,1694828796558.9
1755,1694828807475,1.351,0.0,0,0,COMMIT,395898,1694828807473.649
1756,1694828821134,1.078,0.0,0,0,COMMIT,395892,1694828821132.922
1757,1694828837994,1.011,0.0,0,0,COMMIT,395882,1694828837992.989
1758,1694828844894,1.03,0.0,0,0,ROLLBACK,395883,1694828844892.97
1759,1694828862573,1.047,0.0,0,0,COMMIT,395902,1694828862571.953
1760,1694828984421,1.217,0.0,0,0,COMMIT,395900,1694828984419.783
1761,1694829011244,1.08,0.0,0,0,COMMIT,395871,1694829011242.92
1762,1694829126530,2.101,0.124,1,400,"SELECT COUNT(DISTINCT(OL_I_ID)) FROM order_line, stock\
            WHERE OL_W_ID = 3\
              AND OL_D_ID = 2\
              AND OL_O_ID < 20218\
              AND OL_O_ID >= 20198\
              AND S_W_ID = 3\
              AND S_I_ID = OL_I_ID\
              AND S_QUANTITY < 10",395914,1694829126527.899
1763,1694829182959,1.657,0.096,1,386,"SELECT COUNT(DISTINCT(OL_I_ID)) FROM order_line, stock\
            WHERE OL_W_ID = 1\
              AND OL_D_ID = 1\
              AND OL_O_ID < 20290\
              AND OL_O_ID >= 20270\
              AND S_W_ID = 1\
              AND S_I_ID = OL_I_ID\
              AND S_QUANTITY < 20",395917,1694829182957.343
1764,1694829194343,1.075,0.0,0,0,COMMIT,395794,1694829194341.925
1765,1694829280230,1.15,0.0,0,0,ROLLBACK,395909,1694829280228.85
1766,1694829326763,1.97,0.079,1,410,"SELECT COUNT(DISTINCT(OL_I_ID)) FROM order_line, stock\
            WHERE OL_W_ID = 2\
              AND OL_D_ID = 5\
              AND OL_O_ID < 20394\
              AND OL_O_ID >= 20374\
              AND S_W_ID = 2\
              AND S_I_ID = OL_I_ID\
              AND S_QUANTITY < 18",395924,1694829326761.03
1767,1694829392837,1.195,0.0,0,0,COMMIT,395912,1694829392835.805
1768,1694829399910,1.245,0.101,1,396,"SELECT COUNT(DISTINCT(OL_I_ID)) FROM order_line, stock\
            WHERE OL_W_ID = 3\
              AND OL_D_ID = 7\
              AND OL_O_ID < 20173\
              AND OL_O_ID >= 20153\
              AND S_W_ID = 3\
              AND S_I_ID = OL_I_ID\
              AND S_QUANTITY < 20",395927,1694829399908.755
1769,1694829463093,1.358,0.0,0,0,COMMIT,395875,1694829463091.642
1773,1694828733370,2.613,0.0,0,0,COMMIT,395890,1694828733367.387
1774,1694828734706,1.07,0.0,0,0,COMMIT,395708,1694828734704.93
1776,1694828754762,1.805,0.097,1,414,"SELECT COUNT(DISTINCT(OL_I_ID)) FROM order_line, stock\
            WHERE OL_W_ID = 1\
              AND OL_D_ID = 3\
              AND OL_O_ID < 20305\
              AND OL_O_ID >= 20285\
              AND S_W_ID = 1\
              AND S_I_ID = OL_I_ID\
              AND S_QUANTITY < 11",395941,1694828754760.195
1777,1694828760917,3.365,0.0,0,0,COMMIT,395895,1694828760913.635
1778,1694828767037,1.357,0.0,0,0,COMMIT,395922,1694828767035.643
1779,1694828834012,1.011,0.0,0,0,COMMIT,395786,1694828834010.989
1780,1694828997847,1.431,0.0,0,0,COMMIT,395910,1694828997845.569
1781,1694829014556,1.29,0.0,0,0,COMMIT,395938,1694829014554.71
1782,1694829097755,1.122,0.0,0,0,COMMIT,395953,1694829097753.878
1783,1694829227005,1.132,0.0,0,0,COMMIT,395959,1694829227003.868
1784,1694829240524,1.16,0.0,0,0,COMMIT,395944,1694829240522.84
1785,1694829264813,1.215,0.0,0,0,COMMIT,395956,1694829264811.785
1786,1694829398070,1.132,0.0,0,0,COMMIT,395961,1694829398068.868
1787,1694829493835,1.089,0.0,0,0,COMMIT,395845,1694829493833.911
1788,1694828535790,1.223,0.0,0,0,COMMIT,395858,1694828535788.777
1789,1694828549748,1.21,0.0,0,0,COMMIT,395860,1694828549746.79
1790,1694828576612,1.015,0.0,0,0,COMMIT,395865,1694828576610.985
1791,1694828651403,1.337,0.156,1,386,"SELECT COUNT(DISTINCT(OL_I_ID)) FROM order_line, stock\
            WHERE OL_W_ID = 1\
              AND OL_D_ID = 1\
              AND OL_O_ID < 20290\
              AND OL_O_ID >= 20270\
              AND S_W_ID = 1\
              AND S_I_ID = OL_I_ID\
              AND S_QUANTITY < 10",395978,1694828651401.663
1794,1694828679827,1.106,0.0,0,0,COMMIT,395966,1694828679825.894
1797,1694828721297,1.162,0.0,0,0,COMMIT,395963,1694828721295.838
1798,1694828735778,1.027,0.0,0,0,COMMIT,395981,1694828735776.973
1799,1694828877083,1.13,0.0,0,0,COMMIT,395965,1694828877081.87
1800,1694828930831,1.043,0.0,0,0,COMMIT,395989,1694828930829.957
1801,1694828965521,1.023,0.0,0,0,COMMIT,395973,1694828965519.977
1802,1694829213882,1.236,0.0,0,0,COMMIT,395971,1694829213880.764
1803,1694829252898,1.229,0.089,1,428,"SELECT COUNT(DISTINCT(OL_I_ID)) FROM order_line, stock\
            WHERE OL_W_ID = 4\
              AND OL_D_ID = 8\
              AND OL_O_ID < 20361\
              AND OL_O_ID >= 20341\
              AND S_W_ID = 4\
              AND S_I_ID = OL_I_ID\
              AND S_QUANTITY < 20",395995,1694829252896.771
1804,1694829255483,1.007,0.0,0,0,COMMIT,395976,1694829255481.993
1805,1694829329278,1.015,0.0,0,0,COMMIT,395996,1694829329276.985
1806,1694829377252,1.255,0.0,0,0,COMMIT,395998,1694829377250.745
1807,1694829421762,1.019,0.0,0,0,COMMIT,396008,1694829421760.981
1808,1694829507276,1.006,0.0,0,0,COMMIT,396013,1694829507274.994
1809,1694828635839,1.036,0.0,0,0,COMMIT,396007,1694828635837.964
1816,1694829140011,1.1,0.0,0,0,COMMIT,396019,1694829140009.9
1817,1694829359894,1.154,0.0,0,0,COMMIT,396034,1694829359892.846
1818,1694828594333,1.085,0.0,0,0,ROLLBACK,396057,1694828594331.915
1819,1694828595004,1.255,0.096,1,360,"SELECT COUNT(DISTINCT(OL_I_ID)) FROM order_line, stock\
            WHERE OL_W_ID = 2\
              AND OL_D_ID = 8\
              AND OL_O_ID < 20477\
              AND OL_O_ID >= 20457\
              AND S_W_ID = 2\
              AND S_I_ID = OL_I_ID\
              AND S_QUANTITY < 12",396059,1694828595002.745
1820,1694828666753,1.008,0.0,0,0,COMMIT,396033,1694828666751.992
1821,1694828700202,1.027,0.102,1,436,"SELECT COUNT(DISTINCT(OL_I_ID)) FROM order_line, stock\
            WHERE OL_W_ID = 4\
              AND OL_D_ID = 8\
              AND OL_O_ID < 20362\
              AND OL_O_ID >= 20342\
              AND S_W_ID = 4\
              AND S_I_ID = OL_I_ID\
              AND S_QUANTITY < 14",396063,1694828700200.973
1826,1694828872617,1.324,0.0,0,0,COMMIT,396070,1694828872615.676
1827,1694828891944,1.038,0.0,0,0,COMMIT,396054,1694828891942.962
1828,1694829030169,1.152,0.0,0,0,COMMIT,396062,1694829030167.848
1829,1694829148785,1.042,0.0,0,0,COMMIT,396080,1694829148783.958
1830,1694829268068,1.28,0.0,0,0,COMMIT,396056,1694829268066.72
1831,1694829274238,1.049,0.0,0,0,COMMIT,396043,1694829274236.951
1832,1694829275053,1.452,0.0,0,0,ROLLBACK,396072,1694829275051.548
1833,1694829389117,1.324,0.093,1,330,"SELECT COUNT(DISTINCT(OL_I_ID)) FROM order_line, stock\
            WHERE OL_W_ID = 2\
              AND OL_D_ID = 7\
              AND OL_O_ID < 20373\
              AND OL_O_ID >= 20353\
              AND S_W_ID = 2\
              AND S_I_ID = OL_I_ID\
              AND S_QUANTITY < 15",396092,1694829389115.676
1834,1694829405473,1.117,0.0,0,0,COMMIT,396087,1694829405471.883
1835,1694829418008,1.09,0.0,0,0,COMMIT,395497,1694829418006.91
1836,1694829506605,1.091,0.0,0,0,COMMIT,396074,1694829506603.909
1837,1694828558490,1.053,0.0,0,0,COMMIT,396088,1694828558488.947
1838,1694828649868,1.032,0.0,0,0,COMMIT,396071,1694828649866.968
1841,1694828711494,1.928,0.097,1,434,"SELECT COUNT(DISTINCT(OL_I_ID)) FROM order_line, stock\
            WHERE OL_W_ID = 4\
              AND OL_D_ID = 10\
              AND OL_O_ID < 20165\
              AND OL_O_ID >= 20145\
              AND S_W_ID = 4\
              AND S_I_ID = OL_I_ID\
              AND S_QUANTITY < 19",396105,1694828711492.072
1844,1694828746471,1.145,0.0,0,0,COMMIT,396083,1694828746469.855
1845,1694828867693,1.236,0.0,0,0,COMMIT,396108,1694828867691.764
1846,1694828868493,1.83,0.0,0,0,COMMIT,396101,1694828868491.17
1847,1694828904944,2.186,0.0,0,0,COMMIT,396091,1694828904941.814
1848,1694828907348,1.126,0.062,1,1,"SELECT S_QUANTITY, S_DATA, S_YTD, S_ORDER_CNT, S_REMOTE_CNT, S_DIST_10 FROM stock WHERE S_I_ID = 14403 AND S_W_ID = 4",396073,1694828907346.874
1849,1694828964001,1.16,0.0,0,0,COMMIT,396084,1694828963999.84
1850,1694829064905,1.198,0.0,0,0,COMMIT,396111,1694829064903.802
1851,1694829146078,1.022,0.0,0,0,COMMIT,396097,1694829146076.978
1852,1694829192096,1.141,0.081,1,422,"SELECT COUNT(DISTINCT(OL_I_ID)) FROM order_line, stock\
            WHERE OL_W_ID = 2\
              AND OL_D_ID = 10\
              AND OL_O_ID < 20242\
              AND OL_O_ID >= 20222\
              AND S_W_ID = 2\
              AND S_I_ID = OL_I_ID\
              AND S_QUANTITY < 10",396128,1694829192094.859
1853,1694829391559,1.053,0.0,0,0,COMMIT,396073,1694829391557.947
1854,1694828664078,1.016,0.0,0,0,COMMIT,396112,1694828664076.984
1855,1694828670773,1.039,0.0,0,0,ROLLBACK,396134,1694828670771.961
1860,1694828722661,1.257,0.0,0,0,COMMIT,396115,1694828722659.743
1861,1694828730119,1.021,0.0,0,0,ROLLBACK,396131,1694828730117.979
1863,1694829150360,1.709,0.0,0,0,COMMIT,396160,1694829150358.291
1864,1694829287662,1.492,0.0,0,0,COMMIT,396154,1694829287660.508
1865,1694829312417,1.074,0.0,0,0,COMMIT,396157,1694829312415.926
1866,1694829324728,1.177,0.0,0,0,ROLLBACK,396177,1694829324726.823
1867,1694829405302,1.555,0.0,0,0,COMMIT,396130,1694829405300.445
1868,1694829430050,1.005,0.0,0,0,COMMIT,396141,1694829430048.995
1869,1694829430790,1.214,0.0,0,0,COMMIT,396126,1694829430788.786
1870,1694829440755,1.092,0.0,0,0,COMMIT,396082,1694829440753.908
1871,1694829457636,1.013,0.0,0,0,COMMIT,396168,1694829457634.987
1872,1694829480936,1.118,0.0,0,0,COMMIT,396145,1694829480934.882
1873,1694829504750,1.27,0.0,0,0,ROLLBACK,396173,1694829504748.73
1874,1694829505629,1.592,0.0,0,0,COMMIT,396146,1694829505627.408
1875,1694829530050,1.122,0.0,0,0,COMMIT,396155,1694829530048.878
1876,1694829534643,1.089,0.0,0,0,ROLLBACK,396163,1694829534641.911
1877,1694828556936,1.068,0.0,0,0,COMMIT,396176,1694828556934.932
1878,1694828557709,1.282,0.0,0,0,COMMIT,396180,1694828557707.718
1879,1694828581476,1.064,0.0,0,0,COMMIT,396164,1694828581474.936
1880,1694828612053,1.544,0.0,0,0,COMMIT,396136,1694828612051.456
1881,1694828655346,1.158,0.0,0,0,COMMIT,396139,1694828655344.842
1882,1694828668900,1.111,0.0,0,0,COMMIT,396086,1694828668898.889
1883,1694828669755,1.234,0.0,0,0,COMMIT,396187,1694828669753.766
1884,1694828672470,1.017,0.0,0,0,COMMIT,396175,1694828672468.983
1887,1694828727533,1.167,0.0,0,0,COMMIT,396169,1694828727531.833
1890,1694828739650,1.293,0.0,0,0,COMMIT,396170,1694828739648.707
1891,1694828743477,1.104,0.0,0,0,COMMIT,396186,1694828743475.896
1894,1694828782499,1.085,0.0,0,0,COMMIT,396196,1694828782497.915
1895,1694828867847,1.095,0.0,0,0,COMMIT,396200,1694828867845.905
1896,1694828893416,1.172,0.0,0,0,COMMIT,396127,1694828893414.828
1897,1694828912807,1.052,0.0,0,0,COMMIT,396151,1694828912805.948
1898,1694828962302,1.017,0.0,0,0,COMMIT,396158,1694828962300.983
1899,1694829074064,1.151,0.0,0,0,COMMIT,396198,1694829074062.849
1900,1694829101159,1.131,0.0,0,0,COMMIT,396210,1694829101157.869
1901,1694829162504,1.257,0.0,0,0,COMMIT,396193,1694829162502.743
1902,1694829195322,1.246,0.0,0,0,COMMIT,396098,1694829195320.754
1903,1694829222776,1.113,0.0,0,0,COMMIT,396109,1694829222774.887
1904,1694829248423,1.016,0.0,0,0,COMMIT,396124,1694829248421.984
1905,1694829275242,1.255,0.0,0,0,COMMIT,396159,1694829275240.745
1906,1694829276817,1.405,0.097,1,410,"SELECT COUNT(DISTINCT(OL_I_ID)) FROM order_line, stock\
            WHERE OL_W_ID = 1\
              AND OL_D_ID = 8\
              AND OL_O_ID < 20214\
              AND OL_O_ID >= 20194\
              AND S_W_ID = 1\
              AND S_I_ID = OL_I_ID\
              AND S_QUANTITY < 17",396220,1694829276815.595
1907,1694829325006,1.085,0.0,0,0,COMMIT,396205,1694829325004.915
1908,1694829421475,1.041,0.0,0,0,COMMIT,396222,1694829421473.959
1909,1694829445537,1.475,0.0,0,0,COMMIT,396183,1694829445535.525
1910,1694829456518,1.047,0.0,0,0,COMMIT,396179,1694829456516.953
1911,1694829515733,1.005,0.0,0,0,COMMIT,396162,1694829515731.995
1912,1694828622506,1.58,0.0,0,0,COMMIT,396238,1694828622504.42
1913,1694828657490,1.156,0.0,0,0,COMMIT,396234,1694828657488.844
1919,1694828770408,1.943,0.082,1,1,"SELECT S_QUANTITY, S_DATA, S_YTD, S_ORDER_CNT, S_REMOTE_CNT, S_DIST_02 FROM stock WHERE S_I_ID = 72708 AND S_W_ID = 3",396232,1694828770406.057
1920,1694828832743,1.13,0.088,1,416,"SELECT COUNT(DISTINCT(OL_I_ID)) FROM order_line, stock\
            WHERE OL_W_ID = 1\
              AND OL_D_ID = 3\
              AND OL_O_ID < 20307\
              AND OL_O_ID >= 20287\
              AND S_W_ID = 1\
              AND S_I_ID = OL_I_ID\
              AND S_QUANTITY < 19",396248,1694828832741.87
1921,1694828881489,1.114,0.0,0,0,COMMIT,396229,1694828881487.886
1922,1694829005330,1.224,0.098,1,358,"SELECT COUNT(DISTINCT(OL_I_ID)) FROM order_line, stock\
            WHERE OL_W_ID = 3\
              AND OL_D_ID = 9\
              AND OL_O_ID < 20475\
              AND OL_O_ID >= 20455\
              AND S_W_ID = 3\
              AND S_I_ID = OL_I_ID\
              AND S_QUANTITY < 19",396254,1694829005328.776
1923,1694829119472,1.047,0.0,0,0,COMMIT,396256,1694829119470.953
1924,1694829160939,1.101,0.0,0,0,COMMIT,396239,1694829160937.899
1925,1694829176792,1.241,0.0,0,0,COMMIT,396250,1694829176790.759
1926,1694829265598,1.027,0.0,0,0,COMMIT,396240,1694829265596.973
1927,1694829349948,1.137,0.0,0,0,COMMIT,396249,1694829349946.863
1928,1694829385417,1.013,0.0,0,0,COMMIT,396236,1694829385415.987
1929,1694829453019,1.034,0.0,0,0,COMMIT,396174,1694829453017.966
1930,1694829462848,1.311,0.102,1,406,"SELECT COUNT(DISTINCT(OL_I_ID)) FROM order_line, stock\
            WHERE OL_W_ID = 3\
              AND OL_D_ID = 8\
              AND OL_O_ID < 20296\
              AND OL_O_ID >= 20276\
              AND S_W_ID = 3\
              AND S_I_ID = OL_I_ID\
              AND S_QUANTITY < 14",396271,1694829462846.689
1931,1694828587583,1.094,0.0,0,0,COMMIT,396212,1694828587581.906
1932,1694828649558,1.005,0.0,0,0,COMMIT,396265,1694828649556.995
1933,1694828690468,1.08,0.0,0,0,COMMIT,396264,1694828690466.92
1934,1694828710995,1.183,0.0,0,0,COMMIT,396165,1694828710993.817
1935,1694828723990,1.012,0.0,0,0,COMMIT,396189,1694828723988.988
1936,1694828736816,1.07,0.0,0,0,COMMIT,396194,1694828736814.93
1937,1694828777480,1.355,0.0,0,0,COMMIT,396203,1694828777478.645
1938,1694828789962,1.081,0.0,0,0,COMMIT,396204,1694828789960.919
1939,1694828826357,1.098,0.0,0,0,COMMIT,396225,1694828826355.902
1940,1694828832643,1.34,0.081,1,384,"SELECT COUNT(DISTINCT(OL_I_ID)) FROM order_line, stock\
            WHERE OL_W_ID = 4\
              AND OL_D_ID = 1\
              AND OL_O_ID < 20298\
              AND OL_O_ID >= 20278\
              AND S_W_ID = 4\
              AND S_I_ID = OL_I_ID\
              AND S_QUANTITY < 20",396287,1694828832641.66
1941,1694828840318,1.061,0.0,0,0,COMMIT,396217,1694828840316.939
1942,1694828925137,5.557,0.073,0,1,"UPDATE stock SET S_QUANTITY = 63, S_YTD = 39, S_ORDER_CNT = 7, S_REMOTE_CNT = 0 WHERE S_I_ID = 20808 AND S_W_ID = 1",396276,1694828925131.443
1946,1694828952622,1.193,0.0,0,0,COMMIT,396270,1694828952620.807
1948,1694828988614,1.203,0.0,0,0,COMMIT,396290,1694828988612.797
1949,1694829016264,1.28,0.0,0,0,COMMIT,396261,1694829016262.72
1950,1694829066250,1.036,0.0,0,0,COMMIT,396247,1694829066248.964
1951,1694829075953,1.069,0.0,0,0,COMMIT,396258,1694829075951.931
1952,1694829162171,1.041,0.0,0,0,COMMIT,396284,1694829162169.959
1953,1694829239842,1.049,0.0,0,0,COMMIT,396291,1694829239840.951
1954,1694828669876,1.034,0.0,0,0,COMMIT,396316,1694828669874.966
1958,1694828715463,1.112,0.0,0,0,COMMIT,396308,1694828715461.888
1959,1694828721372,4.984,0.0,0,0,COMMIT,396279,1694828721367.016
1961,1694828736460,1.269,0.0,0,0,COMMIT,396259,1694828736458.731
1962,1694828742795,1.573,0.0,0,0,COMMIT,396304,1694828742793.427
1963,1694828743603,1.585,0.0,0,0,ROLLBACK,396323,1694828743601.415
1965,1694828799800,1.128,0.0,0,0,COMMIT,396312,1694828799798.872
1966,1694828832981,1.181,0.0,0,0,COMMIT,396285,1694828832979.819
1967,1694828880194,1.02,0.0,0,0,COMMIT,396298,1694828880192.98
1968,1694828951112,1.621,0.0,0,0,COMMIT,396281,1694828951110.379
1969,1694828999723,1.004,0.0,0,0,COMMIT,396326,1694828999721.996
1970,1694829059895,1.091,0.0,0,0,COMMIT,396294,1694829059893.909
1971,1694829082497,1.12,0.0,0,0,COMMIT,396321,1694829082495.88
1972,1694829294322,1.006,0.0,0,0,COMMIT,396338,1694829294320.994
1973,1694829401543,1.079,0.0,0,0,COMMIT,396341,1694829401541.921
1974,1694829446205,1.005,0.0,0,0,COMMIT,396337,1694829446203.995
1975,1694829453021,1.056,0.0,0,0,COMMIT,396350,1694829453019.944
1976,1694828612485,1.021,0.0,0,0,COMMIT,396358,1694828612483.979
1977,1694828695651,1.286,0.0,0,0,COMMIT,396353,1694828695649.714
1979,1694828726383,1.01,0.0,0,0,COMMIT,396351,1694828726381.99
1981,1694828740944,1.18,0.0,0,0,COMMIT,396363,1694828740942.82
1982,1694828746380,1.155,0.0,0,0,COMMIT,396339,1694828746378.845
1983,1694828749202,1.225,0.0,0,0,COMMIT,396333,1694828749200.775
1985,1694828796267,1.667,0.0,0,0,COMMIT,396357,1694828796265.333
1986,1694828809359,1.016,0.0,0,0,COMMIT,396231,1694828809357.984
1987,1694828859142,1.115,0.0,0,0,COMMIT,396368,1694828859140.885
1988,1694828963621,1.019,0.0,0,0,COMMIT,396362,1694828963619.981
1989,1694829097576,1.093,0.0,0,0,COMMIT,396374,1694829097574.907
1990,1694829310375,1.05,0.0,0,0,COMMIT,396389,1694829310373.95
1991,1694829380235,1.037,0.0,0,0,COMMIT,396375,1694829380233.963
1992,1694828617835,1.005,0.0,0,0,COMMIT,396361,1694828617833.995
1993,1694828697988,1.005,0.0,0,0,COMMIT,396383,1694828697986.995
1994,1694828802025,1.095,0.0,0,0,COMMIT,396380,1694828802023.905
1995,1694828819324,1.081,0.0,0,0,COMMIT,396403,1694828819322.919
1996,1694828864069,1.068,0.0,0,0,COMMIT,396411,1694828864067.932
1997,1694828891380,1.052,0.0,0,0,COMMIT,396412,1694828891378.948
1998,1694828910329,1.312,0.0,0,0,COMMIT,396414,1694828910327.688
2000,1694828943300,1.119,0.0,0,0,ROLLBACK,396406,1694828943298.881
2003,1694828968786,1.569,0.0,0,0,COMMIT,396388,1694828968784.431
2004,1694828969860,1.433,0.0,0,0,COMMIT,396394,1694828969858.567
2006,1694829001713,1.011,0.0,0,0,COMMIT,396418,1694829001711.989
2007,1694829010737,1.154,0.0,0,0,COMMIT,396405,1694829010735.846
2008,1694829216572,1.188,0.0,0,0,COMMIT,396429,1694829216570.812
2009,1694829297029,1.104,0.0,0,0,COMMIT,396433,1694829297027.896
2010,1694828552760,1.124,0.092,1,382,"SELECT COUNT(DISTINCT(OL_I_ID)) FROM order_line, stock\
            WHERE OL_W_ID = 2\
              AND OL_D_ID = 9\
              AND OL_O_ID < 20447\
              AND OL_O_ID >= 20427\
              AND S_W_ID = 2\
              AND S_I_ID = OL_I_ID\
              AND S_QUANTITY < 20",396447,1694828552758.876
2011,1694828684875,1.009,0.0,0,0,COMMIT,396439,1694828684873.991
2012,1694828769934,1.017,0.0,0,0,COMMIT,396444,1694828769932.983
2013,1694828818134,1.207,0.113,1,354,"SELECT COUNT(DISTINCT(OL_I_ID)) FROM order_line, stock\
            WHERE OL_W_ID = 3\
              AND OL_D_ID = 10\
              AND OL_O_ID < 20477\
              AND OL_O_ID >= 20457\
              AND S_W_ID = 3\
              AND S_I_ID = OL_I_ID\
              AND S_QUANTITY < 18",396459,1694828818132.793
2015,1694828930483,2.45,0.0,0,0,COMMIT,396435,1694828930480.55
2018,1694828945351,1.761,0.0,0,0,COMMIT,396454,1694828945349.239
2019,1694828949104,1.706,0.0,0,0,COMMIT,396398,1694828949102.294
2020,1694828965508,1.215,0.0,0,0,COMMIT,396404,1694828965506.785
2021,1694828970672,1.448,0.069,1,1,"SELECT S_QUANTITY, S_DATA, S_YTD, S_ORDER_CNT, S_REMOTE_CNT, S_DIST_01 FROM stock WHERE S_I_ID = 84098 AND S_W_ID = 2",396463,1694828970670.552
2022,1694828980201,9.696,0.0,0,0,COMMIT,396441,1694828980191.304
2023,1694828980917,6.334,0.0,0,0,ROLLBACK,396425,1694828980910.666
2024,1694828981912,1.513,0.0,0,0,COMMIT,396377,1694828981910.487
2026,1694828995788,2.041,0.0,0,0,COMMIT,396451,1694828995785.959
2027,1694829390459,1.392,0.093,1,398,"SELECT COUNT(DISTINCT(OL_I_ID)) FROM order_line, stock\
            WHERE OL_W_ID = 3\
              AND OL_D_ID = 5\
              AND OL_O_ID < 20251\
              AND OL_O_ID >= 20231\
              AND S_W_ID = 3\
              AND S_I_ID = OL_I_ID\
              AND S_QUANTITY < 14",396490,1694829390457.608
2028,1694828691448,1.389,0.0,0,0,COMMIT,396482,1694828691446.611
2029,1694828700543,1.038,0.0,0,0,COMMIT,396390,1694828700541.962
2035,1694828892468,1.27,0.0,0,0,COMMIT,396498,1694828892466.73
2036,1694828957875,1.165,0.0,0,0,COMMIT,396513,1694828957873.835
2037,1694828993632,1.068,0.0,0,0,COMMIT,396514,1694828993630.932
2038,1694829044577,1.057,0.0,0,0,COMMIT,396500,1694829044575.943
2039,1694829111478,1.072,0.0,0,0,COMMIT,396487,1694829111476.928
2040,1694829143277,1.106,0.0,0,0,COMMIT,396502,1694829143275.894
2041,1694829232517,1.062,0.0,0,0,ROLLBACK,396481,1694829232515.938
2042,1694829277122,1.122,0.0,0,0,COMMIT,396518,1694829277120.878
2043,1694829356045,1.097,0.0,0,0,COMMIT,396486,1694829356043.903
2044,1694829363193,1.044,0.0,0,0,ROLLBACK,396494,1694829363191.956
2045,1694829427619,1.054,0.0,0,0,COMMIT,396438,1694829427617.946
2046,1694829444383,1.31,0.0,0,0,ROLLBACK,396479,1694829444381.69
2047,1694829454539,1.01,0.0,0,0,COMMIT,396475,1694829454537.99
